3 0.7992788461538461 0.3485576923076923 0.3858173076923077 0.32211538461538464
3 0.796875 0.5276442307692307 0.3894230769230769 0.25240384615384615
3 0.7944711538461539 0.6802884615384616 0.36899038461538464 0.16346153846153846
3 0.5504807692307693 0.7668269230769231 0.3557692307692308 0.2800480769230769
3 0.8112980769230769 0.8064903846153846 0.3605769230769231 0.32211538461538464
3 0.20552884615384615 0.7475961538461539 0.35216346153846156 0.3545673076923077
3 0.20072115384615385 0.8882211538461539 0.34375 0.1875
3 0.31971153846153844 0.15144230769230768 0.3858173076923077 0.27524038461538464
3 0.5084134615384616 0.28725961538461536 0.2548076923076923 0.32211538461538464
3 0.4951923076923077 0.5072115384615384 0.2283653846153846 0.18269230769230768
3 0.49399038461538464 0.6514423076923077 0.23317307692307693 0.11658653846153846
3 0.1971153846153846 0.34375 0.37740384615384615 0.2848557692307692
3 0.19110576923076922 0.5420673076923077 0.38100961538461536 0.1875
3 0.19230769230769232 0.6730769230769231 0.36899038461538464 0.16826923076923078