3 0.8930288461538461 0.7764423076923077 0.1201923076923077 0.3173076923076923
3 0.7632211538461539 0.7788461538461539 0.12379807692307693 0.3112980769230769
3 0.8197115384615384 0.4891826923076923 0.1201923076923077 0.3004807692307692
3 0.7620192307692307 0.1935096153846154 0.1201923076923077 0.28966346153846156
3 0.6310096153846154 0.18870192307692307 0.1201923076923077 0.27884615384615385
3 0.4963942307692308 0.19110576923076922 0.12740384615384615 0.2956730769230769
3 0.36538461538461536 0.19110576923076922 0.1201923076923077 0.2956730769230769
3 0.234375 0.1935096153846154 0.1201923076923077 0.28966346153846156
3 0.6875 0.4807692307692308 0.11658653846153846 0.2956730769230769
3 0.5564903846153846 0.4831730769230769 0.12379807692307693 0.3004807692307692
3 0.421875 0.48677884615384615 0.11658653846153846 0.2956730769230769
3 0.29086538461538464 0.4831730769230769 0.11658653846153846 0.3004807692307692
3 0.15865384615384615 0.4807692307692308 0.11298076923076923 0.2956730769230769
3 0.6310096153846154 0.7872596153846154 0.1201923076923077 0.30649038461538464
3 0.5 0.7896634615384616 0.1201923076923077 0.3112980769230769
3 0.36778846153846156 0.7872596153846154 0.12379807692307693 0.30649038461538464
3 0.2403846153846154 0.78125 0.12379807692307693 0.30649038461538464
3 0.11057692307692307 0.7764423076923077 0.1201923076923077 0.30649038461538464