3 0.6947115384615384 0.8497596153846154 0.23317307692307693 0.28966346153846156
3 0.9254807692307693 0.8329326923076923 0.14182692307692307 0.3004807692307692
3 0.8221153846153846 0.5925480769230769 0.2764423076923077 0.28966346153846156
3 0.7908653846153846 0.2920673076923077 0.29447115384615385 0.27884615384615385
3 0.49399038461538464 0.1935096153846154 0.2764423076923077 0.3557692307692308
3 0.6322115384615384 0.39663461538461536 0.1814903846153846 0.3004807692307692
3 0.6105769230769231 0.5793269230769231 0.1310096153846154 0.20793269230769232
3 0.5324519230769231 0.6310096153846154 0.16346153846153846 0.22355769230769232
3 0.47475961538461536 0.890625 0.19230769230769232 0.20793269230769232
3 0.4266826923076923 0.8004807692307693 0.21514423076923078 0.26802884615384615
3 0.4050480769230769 0.5516826923076923 0.22235576923076922 0.40384615384615385
3 0.33413461538461536 0.3004807692307692 0.10216346153846154 0.17427884615384615
3 0.19110576923076922 0.1045673076923077 0.30528846153846156 0.2091346153846154
3 0.33774038461538464 0.12259615384615384 0.10216346153846154 0.16947115384615385
3 0.03485576923076923 0.09615384615384616 0.06850961538461539 0.16947115384615385
3 0.15865384615384615 0.16706730769230768 0.21514423076923078 0.26802884615384615
3 0.0625 0.390625 0.125 0.3918269230769231
3 0.22355769230769232 0.4182692307692308 0.21514423076923078 0.28966346153846156
3 0.25240384615384615 0.5961538461538461 0.14182692307692307 0.2620192307692308
3 0.0985576923076923 0.6634615384615384 0.19591346153846154 0.36658653846153844
3 0.10576923076923077 0.8798076923076923 0.203125 0.22956730769230768
3 0.27403846153846156 0.9266826923076923 0.22235576923076922 0.13701923076923078
3 0.26322115384615385 0.8064903846153846 0.12740384615384615 0.15865384615384615
3 0.8377403846153846 0.8629807692307693 0.046875 0.2512019230769231
3 0.96875 0.6069711538461539 0.054086538461538464 0.20793269230769232
3 0.9675480769230769 0.35216346153846156 0.057692307692307696 0.19110576923076922