3 0.8185096153846154 0.6610576923076923 0.12620192307692307 0.23918269230769232
3 0.7692307692307693 0.46875 0.12620192307692307 0.22956730769230768
3 0.7295673076923077 0.25240384615384615 0.12980769230769232 0.234375
3 0.6887019230769231 0.07572115384615384 0.12620192307692307 0.15144230769230768
3 0.5745192307692307 0.24519230769230768 0.11778846153846154 0.21875
3 0.6262019230769231 0.46153846153846156 0.12259615384615384 0.21394230769230768
3 0.671875 0.6634615384615384 0.1141826923076923 0.22355769230769232
3 0.5288461538461539 0.6670673076923077 0.11778846153846154 0.20793269230769232
3 0.47475961538461536 0.46153846153846156 0.11778846153846154 0.22355769230769232
3 0.41586538461538464 0.25 0.1141826923076923 0.20793269230769232
3 0.5060096153846154 0.07091346153846154 0.12740384615384615 0.14182692307692307
3 0.3125 0.07572115384615384 0.12259615384615384 0.15144230769230768
3 0.24639423076923078 0.25240384615384615 0.12620192307692307 0.21394230769230768
3 0.32091346153846156 0.46153846153846156 0.1141826923076923 0.21394230769230768
3 0.1658653846153846 0.46153846153846156 0.12620192307692307 0.22355769230769232
3 0.24278846153846154 0.6742788461538461 0.11778846153846154 0.21394230769230768
3 0.109375 0.6694711538461539 0.12620192307692307 0.21394230769230768