3 0.8954326923076923 0.3245192307692308 0.19591346153846154 0.27163461538461536
3 0.8004807692307693 0.3245192307692308 0.34134615384615385 0.6165865384615384
3 0.6670673076923077 0.36658653846153844 0.15985576923076922 0.3004807692307692
3 0.6514423076923077 0.5973557692307693 0.29927884615384615 0.2283653846153846
3 0.765625 0.7716346153846154 0.2776442307692308 0.3329326923076923
3 0.515625 0.8161057692307693 0.24879807692307693 0.3329326923076923
3 0.3112980769230769 0.25 0.2668269230769231 0.40024038461538464
3 0.4639423076923077 0.3942307692307692 0.23798076923076922 0.3449519230769231
3 0.40024038461538464 0.421875 0.35216346153846156 0.7115384615384616
3 0.20673076923076922 0.43028846153846156 0.41225961538461536 0.7716346153846154
3 0.19951923076923078 0.5829326923076923 0.37740384615384615 0.23317307692307693
3 0.20072115384615385 0.7944711538461539 0.21754807692307693 0.25600961538461536