3 0.8293269230769231 0.47836538461538464 0.22596153846153846 0.7487980769230769
3 0.78125 0.21634615384615385 0.109375 0.22355769230769232
3 0.6165865384615384 0.20192307692307693 0.18509615384615385 0.28365384615384615
3 0.5997596153846154 0.5925480769230769 0.22596153846153846 0.5841346153846154
3 0.7367788461538461 0.28725961538461536 0.07692307692307693 0.038461538461538464
3 0.47475961538461536 0.18629807692307693 0.1778846153846154 0.21875
3 0.3557692307692308 0.6177884615384616 0.24759615384615385 0.5901442307692307
3 0.3076923076923077 0.21033653846153846 0.14182692307692307 0.234375
3 0.48197115384615385 0.5841346153846154 0.025240384615384616 0.546875
3 0.1622596153846154 0.5600961538461539 0.19230769230769232 0.5516826923076923
3 0.2512019230769231 0.20192307692307693 0.09495192307692307 0.21875