3 0.8076923076923077 0.5276442307692307 0.24759615384615385 0.5516826923076923
3 0.8557692307692307 0.25721153846153844 0.15625 0.2512019230769231
3 0.8112980769230769 0.4639423076923077 0.24759615384615385 0.6670673076923077
3 0.5913461538461539 0.6069711538461539 0.2439903846153846 0.6009615384615384
3 0.6057692307692307 0.40384615384615385 0.20673076923076922 0.20793269230769232
3 0.39302884615384615 0.4675480769230769 0.21033653846153846 0.5408653846153846
3 0.3329326923076923 0.20432692307692307 0.1346153846153846 0.25721153846153844
3 0.3786057692307692 0.41586538461538464 0.2403846153846154 0.6670673076923077
3 0.14543269230769232 0.34134615384615385 0.16706730769230768 0.26802884615384615
3 0.17668269230769232 0.5817307692307693 0.23677884615384615 0.5733173076923077
3 0.17427884615384615 0.5300480769230769 0.23317307692307693 0.6670673076923077
3 0.6237980769230769 0.3798076923076923 0.06850961538461539 0.15865384615384615