3 0.8485576923076923 0.5576923076923077 0.18629807692307693 0.1201923076923077
3 0.8461538461538461 0.6394230769230769 0.19110576923076922 0.08052884615384616
3 0.8461538461538461 0.6983173076923077 0.18269230769230768 0.07091346153846154
3 0.8461538461538461 0.7487980769230769 0.18269230769230768 0.07572115384615384
3 0.8425480769230769 0.8004807692307693 0.18269230769230768 0.07091346153846154
3 0.5865384615384616 0.8533653846153846 0.19591346153846154 0.14182692307692307
3 0.7247596153846154 0.8401442307692307 0.15144230769230768 0.125
3 0.6490384615384616 0.5865384615384616 0.1778846153846154 0.11538461538461539
3 0.6490384615384616 0.6670673076923077 0.16947115384615385 0.07091346153846154
3 0.6538461538461539 0.7175480769230769 0.1778846153846154 0.06610576923076923
3 0.6490384615384616 0.7644230769230769 0.16947115384615385 0.07091346153846154
3 0.40865384615384615 0.5625 0.18629807692307693 0.1201923076923077
3 0.40625 0.6418269230769231 0.18269230769230768 0.07572115384615384
3 0.40384615384615385 0.6983173076923077 0.1778846153846154 0.08052884615384616
3 0.40024038461538464 0.7487980769230769 0.18629807692307693 0.06610576923076923
3 0.40024038461538464 0.8016826923076923 0.1778846153846154 0.06610576923076923
3 0.14182692307692307 0.8557692307692307 0.18629807692307693 0.12860576923076922
3 0.28725961538461536 0.8425480769230769 0.13822115384615385 0.1201923076923077
3 0.2091346153846154 0.5889423076923077 0.16947115384615385 0.1201923076923077
3 0.20673076923076922 0.6646634615384616 0.17307692307692307 0.06610576923076923
3 0.21153846153846154 0.7175480769230769 0.16466346153846154 0.06610576923076923
3 0.21153846153846154 0.7752403846153846 0.16466346153846154 0.06610576923076923
3 0.39302884615384615 0.39302884615384615 0.19110576923076922 0.13822115384615385
3 0.5372596153846154 0.3798076923076923 0.15985576923076922 0.12860576923076922
3 0.6622596153846154 0.09615384615384616 0.18629807692307693 0.1201923076923077
3 0.6574519230769231 0.18028846153846154 0.18629807692307693 0.07572115384615384
3 0.6574519230769231 0.23557692307692307 0.1778846153846154 0.07091346153846154
3 0.6574519230769231 0.28846153846153844 0.1778846153846154 0.0625
3 0.6574519230769231 0.3449519230769231 0.1778846153846154 0.06610576923076923
3 0.46033653846153844 0.12620192307692307 0.18269230769230768 0.11057692307692307
3 0.46274038461538464 0.20673076923076922 0.16947115384615385 0.06610576923076923
3 0.46634615384615385 0.25721153846153844 0.16947115384615385 0.0625
3 0.46274038461538464 0.3004807692307692 0.16947115384615385 0.057692307692307696