3 0.8365384615384616 0.7560096153846154 0.08774038461538461 0.47115384615384615
3 0.8016826923076923 0.32091346153846156 0.08533653846153846 0.4795673076923077
3 0.7475961538461539 0.7403846153846154 0.08052884615384616 0.47115384615384615
3 0.6911057692307693 0.3125 0.08533653846153846 0.4639423076923077
3 0.6586538461538461 0.7319711538461539 0.078125 0.47115384615384615
3 0.5516826923076923 0.7235576923076923 0.078125 0.47115384615384615
3 0.5036057692307693 0.5528846153846154 0.12980769230769232 0.6177884615384616
3 0.3858173076923077 0.7560096153846154 0.0733173076923077 0.34134615384615385
3 0.31490384615384615 0.7644230769230769 0.078125 0.3737980769230769
3 0.265625 0.41466346153846156 0.04927884615384615 0.40625
3 0.22716346153846154 0.7800480769230769 0.0829326923076923 0.3737980769230769
3 0.17067307692307693 0.45552884615384615 0.08774038461538461 0.3737980769230769
3 0.13822115384615385 0.796875 0.09014423076923077 0.390625
0 0.9230769230769231 0.5408653846153846 0.14903846153846154 0.8209134615384616
0 0.7896634615384616 0.04927884615384615 0.11658653846153846 0.06490384615384616
0 0.859375 0.13822115384615385 0.026442307692307692 0.08173076923076923
0 0.7487980769230769 0.28846153846153844 0.019230769230769232 0.43149038461538464
0 0.06370192307692307 0.5204326923076923 0.11177884615384616 0.47115384615384615
0 0.04807692307692308 0.8653846153846154 0.08052884615384616 0.25240384615384615
0 0.03245192307692308 0.8377403846153846 0.06490384615384616 0.31009615384615385
0 0.02283653846153846 0.5252403846153846 0.04567307692307692 0.36778846153846156
0 0.11538461538461539 0.390625 0.021634615384615384 0.1141826923076923
0 0.22716346153846154 0.4230769230769231 0.02403846153846154 0.2439903846153846
0 0.3293269230769231 0.5120192307692307 0.078125 0.1622596153846154