3 0.8377403846153846 0.390625 0.16346153846153846 0.24759615384615385
3 0.8185096153846154 0.5769230769230769 0.25240384615384615 0.3016826923076923
3 0.6105769230769231 0.5372596153846154 0.15625 0.35096153846153844
3 0.6682692307692307 0.6490384615384616 0.13581730769230768 0.22716346153846154
3 0.6574519230769231 0.35697115384615385 0.20432692307692307 0.20793269230769232
3 0.45552884615384615 0.20793269230769232 0.19230769230769232 0.12860576923076922
3 0.4375 0.4206730769230769 0.2283653846153846 0.33653846153846156
3 0.5084134615384616 0.6610576923076923 0.14423076923076922 0.27283653846153844
3 0.5 0.7307692307692307 0.08052884615384616 0.1141826923076923
3 0.47596153846153844 0.796875 0.056490384615384616 0.0985576923076923
3 0.3762019230769231 0.7668269230769231 0.09615384615384616 0.1778846153846154
3 0.41225961538461536 0.7007211538461539 0.09615384615384616 0.18269230769230768
3 0.29447115384615385 0.7127403846153846 0.12379807692307693 0.19831730769230768
3 0.15985576923076922 0.6141826923076923 0.20793269230769232 0.3269230769230769
3 0.3581730769230769 0.5192307692307693 0.16346153846153846 0.19831730769230768
3 0.21634615384615385 0.39302884615384615 0.20793269230769232 0.15384615384615385
3 0.2439903846153846 0.23798076923076922 0.21634615384615385 0.1778846153846154