4 0.890625 0.6742788461538461 0.21033653846153846 0.3004807692307692
3 0.9651442307692307 0.4182692307692308 0.06129807692307692 0.22355769230769232
4 0.8581730769230769 0.15865384615384615 0.21033653846153846 0.3173076923076923
3 0.6802884615384616 0.8413461538461539 0.18870192307692307 0.30649038461538464
3 0.8401442307692307 0.5817307692307693 0.203125 0.6069711538461539
3 0.8942307692307693 0.8473557692307693 0.203125 0.2956730769230769
3 0.6478365384615384 0.4699519230769231 0.18870192307692307 0.7536057692307693
3 0.4891826923076923 0.6418269230769231 0.16346153846153846 0.5625
3 0.5204326923076923 0.22956730769230768 0.1814903846153846 0.45913461538461536
3 0.40384615384615385 0.23798076923076922 0.14543269230769232 0.47596153846153844
3 0.23076923076923078 0.4675480769230769 0.20673076923076922 0.78125
4 0.36778846153846156 0.6442307692307693 0.08774038461538461 0.3389423076923077
4 0.3557692307692308 0.46153846153846156 0.0733173076923077 0.16947115384615385
3 0.08413461538461539 0.46153846153846156 0.11658653846153846 0.5192307692307693
3 0.04567307692307692 0.5685096153846154 0.09134615384615384 0.5360576923076923
3 0.05889423076923077 0.17067307692307693 0.11778846153846154 0.34134615384615385