3 0.9086538461538461 0.8100961538461539 0.17668269230769232 0.36899038461538464
3 0.6862980769230769 0.8269230769230769 0.30649038461538464 0.3329326923076923
3 0.5661057692307693 0.9110576923076923 0.12620192307692307 0.16706730769230768
3 0.44350961538461536 0.8509615384615384 0.2536057692307692 0.2860576923076923
3 0.31971153846153844 0.6310096153846154 0.23317307692307693 0.3449519230769231
3 0.17548076923076922 0.8209134615384616 0.2764423076923077 0.3449519230769231
3 0.11538461538461539 0.6274038461538461 0.22956730769230768 0.7319711538461539
3 0.26802884615384615 0.3605769230769231 0.3233173076923077 0.3870192307692308
3 0.3786057692307692 0.21394230769230768 0.17668269230769232 0.4050480769230769
3 0.2512019230769231 0.13701923076923078 0.16947115384615385 0.15504807692307693
3 0.0889423076923077 0.25841346153846156 0.1778846153846154 0.3293269230769231
3 0.09375 0.07451923076923077 0.18629807692307693 0.14903846153846154
3 0.23317307692307693 0.05048076923076923 0.1201923076923077 0.10096153846153846
3 0.4266826923076923 0.0985576923076923 0.17307692307692307 0.19591346153846154
3 0.6334134615384616 0.11899038461538461 0.2127403846153846 0.23798076923076922
3 0.9387019230769231 0.4699519230769231 0.11658653846153846 0.16706730769230768
3 0.9699519230769231 0.5144230769230769 0.052884615384615384 0.125
3 0.9194711538461539 0.6129807692307693 0.15384615384615385 0.21394230769230768
3 0.7512019230769231 0.5625 0.18389423076923078 0.26802884615384615
3 0.84375 0.44350961538461536 0.06610576923076923 0.125
3 0.8762019230769231 0.31850961538461536 0.10697115384615384 0.23197115384615385
3 0.9579326923076923 0.2980769230769231 0.07692307692307693 0.21394230769230768
3 0.7463942307692307 0.33653846153846156 0.15384615384615385 0.20793269230769232
3 0.6105769230769231 0.4519230769230769 0.15985576923076922 0.2860576923076923
3 0.49038461538461536 0.6935096153846154 0.11298076923076923 0.2439903846153846
3 0.5288461538461539 0.3954326923076923 0.16346153846153846 0.31490384615384615
3 0.8713942307692307 0.12259615384615384 0.09615384615384616 0.16105769230769232
3 0.6911057692307693 0.20793269230769232 0.16346153846153846 0.10697115384615384
3 0.78125 0.20793269230769232 0.14302884615384615 0.09495192307692307
3 0.8100961538461539 0.036057692307692304 0.13341346153846154 0.07091346153846154
3 0.9230769230769231 0.10096153846153846 0.09975961538461539 0.18990384615384615
3 0.9819711538461539 0.11658653846153846 0.030048076923076924 0.14903846153846154
3 0.4987980769230769 0.49759615384615385 0.9963942307692307 0.9939903846153846