3 0.90625 0.6706730769230769 0.08052884615384616 0.13341346153846154
3 0.8137019230769231 0.6730769230769231 0.11538461538461539 0.12860576923076922
3 0.6550480769230769 0.6802884615384616 0.19951923076923078 0.14182692307692307
3 0.43990384615384615 0.6730769230769231 0.22235576923076922 0.16466346153846154
3 0.17548076923076922 0.6730769230769231 0.3161057692307692 0.17307692307692307
3 0.7091346153846154 0.5420673076923077 0.19110576923076922 0.14182692307692307
3 0.8401442307692307 0.5420673076923077 0.08052884615384616 0.13341346153846154
3 0.7776442307692307 0.3641826923076923 0.15985576923076922 0.22235576923076922
3 0.5180288461538461 0.31971153846153844 0.19110576923076922 0.24879807692307693
3 0.5204326923076923 0.5240384615384616 0.20432692307692307 0.14182692307692307
3 0.31971153846153844 0.43509615384615385 0.19591346153846154 0.3112980769230769
3 0.13942307692307693 0.5216346153846154 0.17307692307692307 0.13822115384615385
3 0.15504807692307693 0.32211538461538464 0.1778846153846154 0.27163461538461536
3 0.3293269230769231 0.19951923076923078 0.18629807692307693 0.16947115384615385
3 0.47596153846153844 0.11298076923076923 0.16947115384615385 0.15504807692307693
3 0.6334134615384616 0.2692307692307692 0.12860576923076922 0.18269230769230768
3 0.6490384615384616 0.41346153846153844 0.10697115384615384 0.11538461538461539