3 0.08533653846153846 0.25240384615384615 0.16947115384615385 0.34375
3 0.20072115384615385 0.359375 0.11658653846153846 0.21875
3 0.0625 0.5829326923076923 0.0985576923076923 0.21875
3 0.23918269230769232 0.6899038461538461 0.09375 0.23677884615384615
3 0.22355769230769232 0.5673076923076923 0.1875 0.11658653846153846
3 0.34134615384615385 0.5649038461538461 0.1201923076923077 0.20072115384615385
3 0.4423076923076923 0.453125 0.0985576923076923 0.16466346153846154
3 0.36658653846153844 0.32572115384615385 0.11658653846153846 0.20552884615384615
3 0.29447115384615385 0.39903846153846156 0.13341346153846154 0.19230769230769232
3 0.25841346153846156 0.21634615384615385 0.125 0.21033653846153846
3 0.28365384615384615 0.17427884615384615 0.33533653846153844 0.14302884615384615
3 0.2704326923076923 0.0625 0.28125 0.125
3 0.4735576923076923 0.23197115384615385 0.125 0.29447115384615385
3 0.5384615384615384 0.39783653846153844 0.26322115384615385 0.625
3 0.640625 0.43990384615384615 0.28966346153846156 0.6021634615384616
3 0.6610576923076923 0.625 0.375 0.6875
3 0.7632211538461539 0.6478365384615384 0.30408653846153844 0.6694711538461539
3 0.8725961538461539 0.6478365384615384 0.24519230769230768 0.6514423076923077