3 0.8894230769230769 0.7620192307692307 0.03365384615384615 0.23076923076923078
3 0.8521634615384616 0.7199519230769231 0.06370192307692307 0.27283653846153844
3 0.8197115384615384 0.6983173076923077 0.057692307692307696 0.3016826923076923
3 0.7536057692307693 0.7127403846153846 0.06370192307692307 0.24519230769230768
3 0.7824519230769231 0.8629807692307693 0.06610576923076923 0.04326923076923077
3 0.7824519230769231 0.6225961538461539 0.055288461538461536 0.3954326923076923
3 0.7151442307692307 0.4675480769230769 0.11899038461538461 0.38822115384615385
3 0.7379807692307693 0.5108173076923077 0.04447115384615385 0.21634615384615385
3 0.6694711538461539 0.6622596153846154 0.11057692307692307 0.3737980769230769
3 0.5913461538461539 0.7235576923076923 0.030048076923076924 0.2091346153846154
3 0.5444711538461539 0.47836538461538464 0.18990384615384615 0.6694711538461539
3 0.4831730769230769 0.7415865384615384 0.046875 0.15865384615384615
3 0.5456730769230769 0.8485576923076923 0.04927884615384615 0.04326923076923077
3 0.41225961538461536 0.2800480769230769 0.10697115384615384 0.44591346153846156
3 0.4026442307692308 0.6478365384615384 0.09975961538461539 0.3737980769230769
3 0.3233173076923077 0.8701923076923077 0.10697115384615384 0.04326923076923077
3 0.3016826923076923 0.5865384615384616 0.10216346153846154 0.453125
3 0.28125 0.7235576923076923 0.055288461538461536 0.19471153846153846
3 0.21875 0.6694711538461539 0.11899038461538461 0.3161057692307692
3 0.1622596153846154 0.7692307692307693 0.04447115384615385 0.14423076923076922
3 0.13581730769230768 0.6334134615384616 0.046875 0.38822115384615385
3 0.09735576923076923 0.7307692307692307 0.025240384615384616 0.2091346153846154