3 0.7776442307692307 0.5841346153846154 0.40024038461538464 0.3605769230769231
3 0.3425480769230769 0.6983173076923077 0.16947115384615385 0.2127403846153846
3 0.23557692307692307 0.6105769230769231 0.16947115384615385 0.18269230769230768
3 0.08653846153846154 0.5240384615384616 0.16466346153846154 0.16947115384615385
3 0.40024038461538464 0.5528846153846154 0.2932692307692308 0.47596153846153844
3 0.41947115384615385 0.5084134615384616 0.421875 0.19110576923076922
3 0.7199519230769231 0.5048076923076923 0.125 0.17307692307692307
3 0.7776442307692307 0.33774038461538464 0.40865384615384615 0.2127403846153846
3 0.5997596153846154 0.3137019230769231 0.33774038461538464 0.3161057692307692
3 0.3245192307692308 0.3557692307692308 0.43509615384615385 0.19591346153846154
3 0.25961538461538464 0.2800480769230769 0.16466346153846154 0.14182692307692307