3 0.4891826923076923 0.48677884615384615 0.37740384615384615 0.5456730769230769
3 0.8425480769230769 0.49759615384615385 0.3076923076923077 0.5456730769230769
3 0.1502403846153846 0.49759615384615385 0.3004807692307692 0.5348557692307693
3 0.055288461538461536 0.8557692307692307 0.11057692307692307 0.2776442307692308
3 0.3016826923076923 0.8401442307692307 0.3737980769230769 0.31009615384615385
3 0.6790865384615384 0.8449519230769231 0.3737980769230769 0.29927884615384615
3 0.9338942307692307 0.8497596153846154 0.12620192307692307 0.28846153846153844
3 0.9314903846153846 0.12379807692307693 0.13221153846153846 0.24759615384615385
3 0.6790865384615384 0.14783653846153846 0.38221153846153844 0.2956730769230769
3 0.3004807692307692 0.14182692307692307 0.3701923076923077 0.28365384615384615
3 0.06370192307692307 0.1346153846153846 0.12740384615384615 0.2692307692307692