3 0.7079326923076923 0.3473557692307692 0.265625 0.6081730769230769
3 0.47115384615384615 0.5432692307692307 0.18269230769230768 0.20552884615384615
3 0.38822115384615385 0.3629807692307692 0.16947115384615385 0.5408653846153846
3 0.5528846153846154 0.27403846153846156 0.2403846153846154 0.5480769230769231
3 0.2824519230769231 0.2644230769230769 0.15625 0.5276442307692307
3 0.20793269230769232 0.47836538461538464 0.11538461538461539 0.33533653846153844
3 0.32572115384615385 0.8389423076923077 0.31971153846153844 0.27283653846153844
3 0.5877403846153846 0.8846153846153846 0.10216346153846154 0.16826923076923078
3 0.6610576923076923 0.9350961538461539 0.038461538461538464 0.056490384615384616
3 0.7379807692307693 0.9098557692307693 0.09615384615384616 0.15504807692307693
3 0.6742788461538461 0.8293269230769231 0.0829326923076923 0.11778846153846154
3 0.5913461538461539 0.7608173076923077 0.07692307692307693 0.11778846153846154
3 0.6225961538461539 0.7235576923076923 0.06370192307692307 0.09375
3 0.6959134615384616 0.7235576923076923 0.06370192307692307 0.09375
3 0.7512019230769231 0.7728365384615384 0.06971153846153846 0.09375