3 0.8197115384615384 0.6502403846153846 0.35336538461538464 0.6899038461538461
3 0.9002403846153846 0.2776442307692308 0.18990384615384615 0.08533653846153846
3 0.5576923076923077 0.5745192307692307 0.3449519230769231 0.7199519230769231
3 0.27163461538461536 0.6550480769230769 0.4170673076923077 0.6802884615384616
3 0.057692307692307696 0.48197115384615385 0.11538461538461539 0.43509615384615385
3 0.2283653846153846 0.15745192307692307 0.3449519230769231 0.31490384615384615
3 0.5120192307692307 0.19230769230769232 0.19831730769230768 0.08533653846153846
3 0.9182692307692307 0.1971153846153846 0.1310096153846154 0.07451923076923077
3 0.7475961538461539 0.13822115384615385 0.34615384615384615 0.2764423076923077
0 0.36538461538461536 0.9326923076923077 0.2932692307692308 0.125
0 0.06971153846153846 0.9074519230769231 0.13942307692307693 0.17548076923076922
0 0.036057692307692304 0.7427884615384616 0.07091346153846154 0.17548076923076922