3 0.5024038461538461 0.3737980769230769 0.20072115384615385 0.14543269230769232
3 0.3942307692307692 0.515625 0.1971153846153846 0.15625
3 0.5949519230769231 0.5072115384615384 0.1971153846153846 0.1502403846153846
3 0.6971153846153846 0.640625 0.1971153846153846 0.1658653846153846
3 0.796875 0.7536057692307693 0.18509615384615385 0.16105769230769232
3 0.8894230769230769 0.8737980769230769 0.18870192307692307 0.1814903846153846
3 0.49038461538461536 0.6430288461538461 0.1935096153846154 0.17067307692307693
3 0.5925480769230769 0.7740384615384616 0.18509615384615385 0.140625
3 0.6850961538461539 0.8894230769230769 0.1814903846153846 0.1814903846153846
3 0.484375 0.8918269230769231 0.18870192307692307 0.18629807692307693
3 0.3954326923076923 0.7716346153846154 0.1935096153846154 0.17548076923076922
3 0.28966346153846156 0.6430288461538461 0.1935096153846154 0.16105769230769232
3 0.19471153846153846 0.7692307692307693 0.1935096153846154 0.17067307692307693
3 0.10096153846153846 0.8846153846153846 0.18509615384615385 0.17067307692307693
3 0.28966346153846156 0.9122596153846154 0.18509615384615385 0.12620192307692307