3 0.7704326923076923 0.7920673076923077 0.39783653846153844 0.40384615384615385
3 0.921875 0.7079326923076923 0.1502403846153846 0.5733173076923077
3 0.37740384615384615 0.8894230769230769 0.41466346153846156 0.21033653846153846
3 0.5733173076923077 0.6021634615384616 0.28966346153846156 0.4675480769230769
3 0.8076923076923077 0.4182692307692308 0.2620192307692308 0.3449519230769231
3 0.9495192307692307 0.2956730769230769 0.09495192307692307 0.26322115384615385
3 0.25841346153846156 0.7427884615384616 0.35336538461538464 0.5024038461538461
3 0.04326923076923077 0.8245192307692307 0.08653846153846154 0.34134615384615385
3 0.17908653846153846 0.5060096153846154 0.27524038461538464 0.36899038461538464
3 0.4266826923076923 0.3713942307692308 0.234375 0.2860576923076923
3 0.6382211538461539 0.2548076923076923 0.20793269230769232 0.2512019230769231
3 0.8305288461538461 0.16947115384615385 0.1971153846153846 0.1875
3 0.9495192307692307 0.08774038461538461 0.09495192307692307 0.15264423076923078
3 0.1310096153846154 0.3245192307692308 0.22115384615384615 0.2512019230769231
3 0.3401442307692308 0.2608173076923077 0.1971153846153846 0.26322115384615385
3 0.5288461538461539 0.16346153846153846 0.17307692307692307 0.22235576923076922
3 0.7007211538461539 0.0733173076923077 0.15625 0.1466346153846154
3 0.8533653846153846 0.04447115384615385 0.14423076923076922 0.0889423076923077