3 0.6418269230769231 0.7223557692307693 0.13822115384615385 0.10216346153846154
3 0.6394230769230769 0.7824519230769231 0.13341346153846154 0.0625
3 0.6418269230769231 0.8377403846153846 0.13822115384615385 0.1201923076923077
3 0.5516826923076923 0.8401442307692307 0.09735576923076923 0.09735576923076923
3 0.4951923076923077 0.6706730769230769 0.13822115384615385 0.09735576923076923
3 0.5 0.7427884615384616 0.12860576923076922 0.0625
3 0.4951923076923077 0.7872596153846154 0.12860576923076922 0.0625
3 0.3449519230769231 0.6201923076923077 0.13822115384615385 0.09375
3 0.3485576923076923 0.6911057692307693 0.13822115384615385 0.057692307692307696
3 0.3485576923076923 0.7427884615384616 0.12860576923076922 0.052884615384615384
3 0.35096153846153844 0.7800480769230769 0.13341346153846154 0.057692307692307696
3 0.484375 0.39783653846153844 0.15144230769230768 0.12860576923076922
3 0.5757211538461539 0.3737980769230769 0.11057692307692307 0.09735576923076923
3 0.6418269230769231 0.23798076923076922 0.13822115384615385 0.11057692307692307
3 0.6418269230769231 0.3173076923076923 0.13822115384615385 0.06610576923076923
3 0.49278846153846156 0.17067307692307693 0.14182692307692307 0.10216346153846154
3 0.49759615384615385 0.24879807692307693 0.13341346153846154 0.07091346153846154
3 0.4951923076923077 0.3112980769230769 0.12860576923076922 0.052884615384615384
3 0.3485576923076923 0.1045673076923077 0.13822115384615385 0.08413461538461539
3 0.3485576923076923 0.18389423076923078 0.1466346153846154 0.07572115384615384
3 0.35096153846153844 0.25721153846153844 0.13341346153846154 0.0625
3 0.35096153846153844 0.3173076923076923 0.14182692307692307 0.06610576923076923