3 0.5216346153846154 0.7271634615384616 0.12980769230769232 0.19230769230769232
3 0.2692307692307692 0.7319711538461539 0.1141826923076923 0.19230769230769232
3 0.3954326923076923 0.42908653846153844 0.1141826923076923 0.19230769230769232
3 0.4651442307692308 0.13942307692307693 0.12620192307692307 0.18629807692307693
3 0.7163461538461539 0.13581730769230768 0.11057692307692307 0.19230769230769232
3 0.6105769230769231 0.43149038461538464 0.11778846153846154 0.1971153846153846
3 0.7992788461538461 0.7367788461538461 0.3701923076923077 0.19230769230769232
3 0.8245192307692307 0.4338942307692308 0.31850961538461536 0.20192307692307693
3 0.8028846153846154 0.13942307692307693 0.36177884615384615 0.18629807692307693
3 0.18870192307692307 0.13581730769230768 0.36177884615384615 0.19230769230769232
3 0.1935096153846154 0.43149038461538464 0.3701923076923077 0.1971153846153846
3 0.19110576923076922 0.7319711538461539 0.36658653846153844 0.19230769230769232