3 0.6923076923076923 0.7463942307692307 0.28725961538461536 0.34375
3 0.6911057692307693 0.6117788461538461 0.2403846153846154 0.17427884615384615
3 0.7379807692307693 0.5216346153846154 0.21033653846153846 0.37740384615384615
3 0.5132211538461539 0.5817307692307693 0.21033653846153846 0.4098557692307692
3 0.5132211538461539 0.3798076923076923 0.17427884615384615 0.16947115384615385
3 0.3112980769230769 0.4723557692307692 0.15625 0.10336538461538461
3 0.32211538461538464 0.6670673076923077 0.21514423076923078 0.41586538461538464
3 0.20192307692307693 0.5084134615384616 0.1346153846153846 0.3389423076923077
3 0.21875 0.32211538461538464 0.13822115384615385 0.1201923076923077
3 0.6490384615384616 0.27283653846153844 0.19951923076923078 0.15264423076923078
3 0.7487980769230769 0.27283653846153844 0.12379807692307693 0.18629807692307693
3 0.3004807692307692 0.37740384615384615 0.19230769230769232 0.20793269230769232