3 0.6322115384615384 0.5540865384615384 0.2283653846153846 0.6177884615384616
3 0.8112980769230769 0.3605769230769231 0.1310096153846154 0.2956730769230769
3 0.921875 0.30408653846153844 0.15144230769230768 0.6081730769230769
3 0.8689903846153846 0.6502403846153846 0.2536057692307692 0.2956730769230769
3 0.8725961538461539 0.8774038461538461 0.18870192307692307 0.234375
3 0.7680288461538461 0.9399038461538461 0.15264423076923078 0.109375
3 0.421875 0.7920673076923077 0.5036057692307693 0.40384615384615385
3 0.1310096153846154 0.7596153846153846 0.21033653846153846 0.28365384615384615
3 0.07451923076923077 0.8389423076923077 0.14903846153846154 0.3112980769230769
3 0.09615384615384616 0.4567307692307692 0.19230769230769232 0.3329326923076923
3 0.35336538461538464 0.4639423076923077 0.22115384615384615 0.27283653846153844
3 0.5216346153846154 0.49759615384615385 0.12259615384615384 0.2512019230769231
3 0.3425480769230769 0.546875 0.48197115384615385 0.3389423076923077
3 0.35096153846153844 0.22355769230769232 0.19591346153846154 0.39302884615384615
3 0.21033653846153846 0.41586538461538464 0.10096153846153846 0.27283653846153844
3 0.14903846153846154 0.14783653846153846 0.296875 0.2956730769230769
3 0.5504807692307693 0.13942307692307693 0.4423076923076923 0.27884615384615385