3 0.84375 0.8737980769230769 0.30649038461538464 0.23918269230769232
3 0.5132211538461539 0.8798076923076923 0.35336538461538464 0.2283653846153846
3 0.171875 0.8737980769230769 0.34375 0.23918269230769232
3 0.4987980769230769 0.6814903846153846 0.34375 0.23918269230769232
3 0.8317307692307693 0.6550480769230769 0.33052884615384615 0.24519230769230768
3 0.8040865384615384 0.45913461538461536 0.3161057692307692 0.2512019230769231
3 0.9807692307692307 0.47115384615384615 0.030048076923076924 0.26322115384615385
3 0.8100961538461539 0.27163461538461536 0.3125 0.2512019230769231
3 0.8112980769230769 0.11057692307692307 0.30288461538461536 0.21033653846153846
3 0.47475961538461536 0.10817307692307693 0.28966346153846156 0.1935096153846154
3 0.17908653846153846 0.1141826923076923 0.2956730769230769 0.2283653846153846
3 0.014423076923076924 0.2980769230769231 0.028846153846153848 0.20192307692307693
3 0.17668269230769232 0.28365384615384615 0.31971153846153844 0.26322115384615385
3 0.15865384615384615 0.4735576923076923 0.3161057692307692 0.24519230769230768
3 0.15985576923076922 0.6754807692307693 0.31971153846153844 0.23918269230769232
3 0.47836538461538464 0.4879807692307692 0.33052884615384615 0.26322115384615385
3 0.4963942307692308 0.28365384615384615 0.30649038461538464 0.23918269230769232