3 0.2091346153846154 0.6045673076923077 0.2283653846153846 0.6213942307692307
3 0.15625 0.24519230769230768 0.109375 0.2091346153846154
3 0.2091346153846154 0.5252403846153846 0.23557692307692307 0.7572115384615384
3 0.31009615384615385 0.15264423076923078 0.17548076923076922 0.203125
3 0.3293269230769231 0.5168269230769231 0.20793269230769232 0.5817307692307693
3 0.3269230769230769 0.4326923076923077 0.20432692307692307 0.7512019230769231
3 0.44711538461538464 0.7596153846153846 0.2247596153846154 0.29927884615384615
3 0.4254807692307692 0.5372596153846154 0.16947115384615385 0.203125
3 0.5228365384615384 0.3581730769230769 0.13701923076923078 0.23197115384615385
3 0.6694711538461539 0.3786057692307692 0.13341346153846154 0.24879807692307693
3 0.5612980769230769 0.4543269230769231 0.18629807692307693 0.19831730769230768
3 0.5540865384615384 0.6694711538461539 0.17307692307692307 0.265625
3 0.6971153846153846 0.6502403846153846 0.2536057692307692 0.36177884615384615
3 0.7848557692307693 0.5 0.21153846153846154 0.43509615384615385
3 0.7415865384615384 0.7932692307692307 0.33413461538461536 0.265625