3 0.8978365384615384 0.24639423076923078 0.15144230769230768 0.24639423076923078
3 0.8882211538461539 0.6911057692307693 0.2091346153846154 0.3581730769230769
3 0.6995192307692307 0.25 0.1935096153846154 0.2403846153846154
3 0.6790865384615384 0.7067307692307693 0.1778846153846154 0.30288461538461536
3 0.49158653846153844 0.7223557692307693 0.16466346153846154 0.25961538461538464
3 0.5036057692307693 0.2620192307692308 0.17427884615384615 0.21634615384615385
3 0.3293269230769231 0.27524038461538464 0.15504807692307693 0.19110576923076922
3 0.18028846153846154 0.296875 0.11658653846153846 0.14783653846153846
3 0.057692307692307696 0.30528846153846156 0.09014423076923077 0.11778846153846154
3 0.32211538461538464 0.7247596153846154 0.14182692307692307 0.265625
3 0.17908653846153846 0.7463942307692307 0.12620192307692307 0.234375
3 0.055288461538461536 0.7716346153846154 0.10336538461538461 0.17307692307692307