3 0.8581730769230769 0.39903846153846156 0.27524038461538464 0.27283653846153844
3 0.8221153846153846 0.09615384615384616 0.1814903846153846 0.19110576923076922
3 0.9038461538461539 0.03365384615384615 0.1875 0.0673076923076923
3 0.859375 0.03365384615384615 0.03125 0.0673076923076923
3 0.8822115384615384 0.08774038461538461 0.025240384615384616 0.06610576923076923
3 0.9098557692307693 0.10697115384615384 0.021634615384615384 0.07091346153846154
3 0.9098557692307693 0.11177884615384616 0.10096153846153846 0.06009615384615385
3 0.9819711538461539 0.1141826923076923 0.028846153846153848 0.0985576923076923
3 0.8509615384615384 0.1502403846153846 0.23197115384615385 0.20192307692307693
3 0.9459134615384616 0.27884615384615385 0.10096153846153846 0.0985576923076923
3 0.8533653846153846 0.2403846153846154 0.07572115384615384 0.17427884615384615
3 0.8882211538461539 0.2764423076923077 0.07932692307692307 0.234375
3 0.9567307692307693 0.39663461538461536 0.021634615384615384 0.038461538461538464
3 0.7524038461538461 0.2704326923076923 0.11177884615384616 0.1141826923076923
3 0.5240384615384616 0.32211538461538464 0.3004807692307692 0.16346153846153846
3 0.6033653846153846 0.16706730769230768 0.03245192307692308 0.19110576923076922
3 0.6826923076923077 0.06009615384615385 0.09014423076923077 0.0985576923076923
3 0.6790865384615384 0.16346153846153846 0.11177884615384616 0.18629807692307693
3 0.8497596153846154 0.5276442307692307 0.025240384615384616 0.08173076923076923
3 0.875 0.5324519230769231 0.025240384615384616 0.08173076923076923
3 0.9074519230769231 0.5408653846153846 0.17067307692307693 0.0985576923076923
3 0.9038461538461539 0.49158653846153844 0.18509615384615385 0.1971153846153846
3 0.7716346153846154 0.5625 0.07932692307692307 0.08774038461538461
3 0.9038461538461539 0.6586538461538461 0.18509615384615385 0.15865384615384615
3 0.96875 0.6478365384615384 0.054086538461538464 0.04927884615384615
3 0.9146634615384616 0.6201923076923077 0.09735576923076923 0.08173076923076923
3 0.7572115384615384 0.8197115384615384 0.15264423076923078 0.34975961538461536
3 0.7716346153846154 0.7920673076923077 0.21754807692307693 0.08774038461538461
3 0.9182692307692307 0.8930288461538461 0.15625 0.20192307692307693
3 0.8605769230769231 0.9675480769230769 0.11177884615384616 0.054086538461538464
3 0.8040865384615384 0.9314903846153846 0.08653846153846154 0.12620192307692307
3 0.5793269230769231 0.4807692307692308 0.3112980769230769 0.2620192307692308
3 0.7043269230769231 0.4891826923076923 0.046875 0.10336538461538461
3 0.5865384615384616 0.4098557692307692 0.15985576923076922 0.16346153846153846
3 0.5528846153846154 0.3713942307692308 0.039663461538461536 0.07692307692307693
3 0.5721153846153846 0.38221153846153844 0.036057692307692304 0.07692307692307693
3 0.6045673076923077 0.41225961538461536 0.036057692307692304 0.07091346153846154
3 0.6778846153846154 0.39302884615384615 0.23197115384615385 0.15264423076923078
3 0.5817307692307693 0.16105769230769232 0.14182692307692307 0.20192307692307693
3 0.4074519230769231 0.8413461538461539 0.34375 0.30649038461538464
3 0.23557692307692307 0.84375 0.13822115384615385 0.18028846153846154
3 0.25240384615384615 0.8629807692307693 0.06129807692307692 0.0985576923076923
3 0.11057692307692307 0.9314903846153846 0.22115384615384615 0.1141826923076923
3 0.0985576923076923 0.9038461538461539 0.1971153846153846 0.09615384615384616
3 0.5036057692307693 0.7764423076923077 0.19591346153846154 0.28365384615384615
3 0.5096153846153846 0.8473557692307693 0.19230769230769232 0.0985576923076923
3 0.09134615384615384 0.08774038461538461 0.18269230769230768 0.17548076923076922
3 0.078125 0.11177884615384616 0.039663461538461536 0.08173076923076923
3 0.04927884615384615 0.15625 0.039663461538461536 0.06009615384615385
3 0.21153846153846154 0.04927884615384615 0.054086538461538464 0.08774038461538461
3 0.2403846153846154 0.08774038461538461 0.0829326923076923 0.0985576923076923
3 0.3389423076923077 0.040865384615384616 0.14182692307692307 0.08173076923076923
3 0.41466346153846156 0.038461538461538464 0.07572115384615384 0.04326923076923077
3 0.028846153846153848 0.265625 0.057692307692307696 0.09254807692307693
3 0.15384615384615385 0.33052884615384615 0.3076923076923077 0.04927884615384615
3 0.025240384615384616 0.4483173076923077 0.05048076923076923 0.20793269230769232
3 0.39903846153846156 0.9675480769230769 0.028846153846153848 0.054086538461538464
3 0.4098557692307692 0.9314903846153846 0.028846153846153848 0.12620192307692307
3 0.4423076923076923 0.9459134615384616 0.028846153846153848 0.0985576923076923
3 0.671875 0.8798076923076923 0.054086538461538464 0.04326923076923077
3 0.671875 0.9158653846153846 0.054086538461538464 0.04927884615384615
3 0.6706730769230769 0.8389423076923077 0.05048076923076923 0.26802884615384615
3 0.6382211538461539 0.9014423076923077 0.028846153846153848 0.109375
3 0.5096153846153846 0.8413461538461539 0.19230769230769232 0.07692307692307693
3 0.36778846153846156 0.7043269230769231 0.07572115384615384 0.15264423076923078
3 0.3173076923076923 0.6862980769230769 0.06850961538461539 0.08173076923076923
3 0.23918269230769232 0.6033653846153846 0.23197115384615385 0.18028846153846154
3 0.4855769230769231 0.6117788461538461 0.39903846153846156 0.08774038461538461
3 0.03245192307692308 0.8557692307692307 0.06490384615384616 0.06009615384615385
3 0.09254807692307693 0.8473557692307693 0.039663461538461536 0.03245192307692308
3 0.08533653846153846 0.8137019230769231 0.17067307692307693 0.054086538461538464
3 0.13822115384615385 0.7620192307692307 0.04326923076923077 0.07091346153846154
3 0.0889423076923077 0.8629807692307693 0.046875 0.2512019230769231
3 0.12139423076923077 0.7079326923076923 0.11177884615384616 0.10336538461538461
3 0.22115384615384615 0.6826923076923077 0.057692307692307696 0.0985576923076923
3 0.2644230769230769 0.5925480769230769 0.1814903846153846 0.13701923076923078
3 0.5324519230769231 0.5576923076923077 0.1814903846153846 0.34975961538461536
3 0.38461538461538464 0.4483173076923077 0.21754807692307693 0.0985576923076923
3 0.21754807692307693 0.4266826923076923 0.2247596153846154 0.16346153846153846
3 0.36778846153846156 0.23197115384615385 0.19951923076923078 0.15865384615384615
3 0.4387019230769231 0.09014423076923077 0.19591346153846154 0.18028846153846154
3 0.6454326923076923 0.03365384615384615 0.15625 0.0673076923076923
3 0.18990384615384615 0.25961538461538464 0.054086538461538464 0.08173076923076923
3 0.11899038461538461 0.36899038461538464 0.13822115384615385 0.08173076923076923
3 0.1935096153846154 0.4266826923076923 0.17067307692307693 0.15264423076923078
3 0.203125 0.3858173076923077 0.021634615384615384 0.04927884615384615
3 0.7752403846153846 0.5793269230769231 0.07211538461538461 0.109375
3 0.9026442307692307 0.4831730769230769 0.18870192307692307 0.18028846153846154
3 0.4987980769230769 0.49759615384615385 0.9975961538461539 0.9951923076923077
3 0.4987980769230769 0.49759615384615385 0.9975961538461539 0.9951923076923077