3 0.6682692307692307 0.3016826923076923 0.10817307692307693 0.3173076923076923
3 0.7896634615384616 0.3076923076923077 0.10216346153846154 0.3293269230769231
3 0.9158653846153846 0.31971153846153844 0.11177884615384616 0.34134615384615385
3 0.3317307692307692 0.10817307692307693 0.06370192307692307 0.16826923076923078
3 0.24158653846153846 0.16466346153846154 0.0673076923076923 0.11778846153846154
3 0.1778846153846154 0.20793269230769232 0.054086538461538464 0.09375
3 0.12139423076923077 0.10216346153846154 0.0889423076923077 0.19230769230769232
3 0.18870192307692307 0.06610576923076923 0.040865384615384616 0.13221153846153846
3 0.2608173076923077 0.052884615384615384 0.09254807692307693 0.10576923076923077
3 0.21875 0.8389423076923077 0.09254807692307693 0.31009615384615385
3 0.13221153846153846 0.7764423076923077 0.08653846153846154 0.18629807692307693
3 0.7223557692307693 0.7860576923076923 0.10216346153846154 0.3293269230769231
3 0.8389423076923077 0.7608173076923077 0.14423076923076922 0.3293269230769231
3 0.953125 0.7704326923076923 0.08653846153846154 0.31009615384615385
2 0.625 0.8137019230769231 0.03485576923076923 0.24879807692307693
2 0.59375 0.8137019230769231 0.038461538461538464 0.22355769230769232
2 0.5697115384615384 0.8040865384615384 0.028846153846153848 0.22956730769230768
2 0.59375 0.7824519230769231 0.019230769230769232 0.21153846153846154
2 0.5492788461538461 0.7728365384615384 0.03245192307692308 0.19230769230769232
2 0.47115384615384615 0.6454326923076923 0.042067307692307696 0.08653846153846154
2 0.4987980769230769 0.7271634615384616 0.04447115384615385 0.08653846153846154
2 0.47475961538461536 0.8100961538461539 0.042067307692307696 0.09375
2 0.4987980769230769 0.8978365384615384 0.04447115384615385 0.09375
2 0.4014423076923077 0.90625 0.04807692307692308 0.09975961538461539