3 0.8401442307692307 0.48677884615384615 0.07211538461538461 0.22956730769230768
3 0.7716346153846154 0.4807692307692308 0.057692307692307696 0.20793269230769232
3 0.6899038461538461 0.4338942307692308 0.0829326923076923 0.24639423076923078
3 0.7560096153846154 0.4182692307692308 0.09735576923076923 0.28966346153846156
3 0.625 0.39663461538461536 0.046875 0.234375
3 0.578125 0.390625 0.046875 0.24639423076923078
3 0.5132211538461539 0.390625 0.0829326923076923 0.25721153846153844
3 0.4543269230769231 0.34134615384615385 0.07572115384615384 0.36658653846153844
3 0.40024038461538464 0.41586538461538464 0.07572115384615384 0.38221153846153844
3 0.3293269230769231 0.4375 0.07211538461538461 0.3389423076923077
3 0.24278846153846154 0.5084134615384616 0.11538461538461539 0.2956730769230769
3 0.25 0.27283653846153844 0.10817307692307693 0.1971153846153846
3 0.16706730769230768 0.4723557692307692 0.10096153846153846 0.36658653846153844
3 0.5829326923076923 0.7211538461538461 0.12259615384615384 0.14182692307692307
3 0.5961538461538461 0.8473557692307693 0.14182692307692307 0.109375
3 0.3425480769230769 0.8028846153846154 0.3076923076923077 0.1971153846153846
3 0.1310096153846154 0.7536057692307693 0.1814903846153846 0.1201923076923077
3 0.2956730769230769 0.6694711538461539 0.18509615384615385 0.1141826923076923
3 0.5564903846153846 0.6394230769230769 0.32211538461538464 0.22956730769230768
3 0.8209134615384616 0.6610576923076923 0.3004807692307692 0.20793269230769232
3 0.6358173076923077 0.7596153846153846 0.6117788461538461 0.1971153846153846