3 0.8341346153846154 0.5192307692307693 0.12740384615384615 0.21875
3 0.8557692307692307 0.7728365384615384 0.16346153846153846 0.20192307692307693
3 0.765625 0.6778846153846154 0.15625 0.20793269230769232
3 0.6850961538461539 0.8004807692307693 0.14903846153846154 0.2127403846153846
3 0.6069711538461539 0.6334134615384616 0.13822115384615385 0.28365384615384615
3 0.6694711538461539 0.5132211538461539 0.1310096153846154 0.18629807692307693
3 0.41586538461538464 0.24879807692307693 0.17067307692307693 0.3329326923076923
3 0.5 0.48677884615384615 0.14903846153846154 0.30649038461538464
3 0.47475961538461536 0.7572115384615384 0.14903846153846154 0.3112980769230769
3 0.22716346153846154 0.40384615384615385 0.15625 0.34975961538461536
3 0.33774038461538464 0.6502403846153846 0.1310096153846154 0.3389423076923077
3 0.35096153846153844 0.4338942307692308 0.10576923076923077 0.14783653846153846
3 0.20192307692307693 0.7572115384615384 0.15625 0.36658653846153844
3 0.1310096153846154 0.6418269230769231 0.109375 0.3329326923076923
3 0.4387019230769231 0.7920673076923077 0.06129807692307692 0.07692307692307693
3 0.17307692307692307 0.6201923076923077 0.07692307692307693 0.04927884615384615
3 0.14182692307692307 0.5 0.04326923076923077 0.04927884615384615