0 0.6754807692307693 0.18629807692307693 0.036057692307692304 0.055288461538461536
0 0.7427884615384616 0.17668269230769232 0.036057692307692304 0.055288461538461536
0 0.7632211538461539 0.17668269230769232 0.020432692307692308 0.07451923076923077
0 0.8028846153846154 0.16706730769230768 0.027644230769230768 0.06490384615384616
0 0.8329326923076923 0.1466346153846154 0.02403846153846154 0.06490384615384616
0 0.8569711538461539 0.15384615384615385 0.02403846153846154 0.04927884615384615
0 0.8762019230769231 0.16706730769230768 0.015625 0.04447115384615385
0 0.6694711538461539 0.11899038461538461 0.015625 0.039663461538461536
0 0.6358173076923077 0.12139423076923077 0.020432692307692308 0.04447115384615385
0 0.609375 0.14182692307692307 0.03245192307692308 0.03485576923076923
0 0.5853365384615384 0.15625 0.02403846153846154 0.04447115384615385
0 0.5540865384615384 0.13221153846153846 0.03245192307692308 0.04447115384615385
0 0.5516826923076923 0.20432692307692307 0.036057692307692304 0.039663461538461536
0 0.5180288461538461 0.21875 0.039663461538461536 0.06009615384615385