3 0.8485576923076923 0.5408653846153846 0.1778846153846154 0.5901442307692307
3 0.8822115384615384 0.2127403846153846 0.0985576923076923 0.22956730769230768
3 0.7596153846153846 0.13942307692307693 0.109375 0.27884615384615385
3 0.71875 0.47596153846153844 0.1346153846153846 0.6225961538461539
3 0.578125 0.8088942307692307 0.15985576923076922 0.28365384615384615
3 0.5817307692307693 0.609375 0.19591346153846154 0.15865384615384615
3 0.5360576923076923 0.33052884615384615 0.054086538461538464 0.13701923076923078
3 0.6069711538461539 0.28125 0.04326923076923077 0.22355769230769232
3 0.5456730769230769 0.24278846153846154 0.06490384615384616 0.28966346153846156
3 0.5709134615384616 0.45913461538461536 0.13822115384615385 0.17427884615384615
3 0.6274038461538461 0.21634615384615385 0.23677884615384615 0.3329326923076923
3 0.4723557692307692 0.23798076923076922 0.057692307692307696 0.22355769230769232
3 0.46033653846153844 0.4206730769230769 0.0985576923076923 0.2620192307692308
3 0.453125 0.5733173076923077 0.07692307692307693 0.27283653846153844
3 0.3858173076923077 0.7427884615384616 0.21033653846153846 0.21875
3 0.3581730769230769 0.5576923076923077 0.11298076923076923 0.3173076923076923
3 0.3545673076923077 0.33653846153846156 0.1201923076923077 0.18028846153846154
3 0.375 0.11177884615384616 0.05048076923076923 0.07091346153846154
3 0.3858173076923077 0.24278846153846154 0.057692307692307696 0.20192307692307693
3 0.22956730769230768 0.04927884615384615 0.19591346153846154 0.08774038461538461
3 0.21875 0.10697115384615384 0.2403846153846154 0.027644230769230768
3 0.21033653846153846 0.2536057692307692 0.203125 0.25721153846153844
3 0.11057692307692307 0.2536057692307692 0.06129807692307692 0.20192307692307693
3 0.15264423076923078 0.25721153846153844 0.021634615384615384 0.20793269230769232
3 0.17427884615384615 0.24639423076923078 0.021634615384615384 0.1971153846153846
3 0.19230769230769232 0.24278846153846154 0.014423076923076924 0.18028846153846154
3 0.25841346153846156 0.328125 0.057692307692307696 0.1971153846153846
3 0.25961538461538464 0.5985576923076923 0.09134615384615384 0.37740384615384615
3 0.16346153846153846 0.5661057692307693 0.22596153846153846 0.43149038461538464
3 0.21033653846153846 0.828125 0.13822115384615385 0.20192307692307693