3 0.3581730769230769 0.18028846153846154 0.27163461538461536 0.21754807692307693
3 0.625 0.21754807692307693 0.2620192307692308 0.1778846153846154
3 0.6153846153846154 0.30649038461538464 0.2620192307692308 0.22235576923076922
3 0.8425480769230769 0.41947115384615385 0.19110576923076922 0.23557692307692307
3 0.7019230769230769 0.5072115384615384 0.25721153846153844 0.22235576923076922
3 0.8774038461538461 0.5889423076923077 0.1201923076923077 0.18269230769230768
3 0.6995192307692307 0.6826923076923077 0.2620192307692308 0.18269230769230768
3 0.7223557692307693 0.7487980769230769 0.2620192307692308 0.27163461538461536
3 0.8461538461538461 0.7980769230769231 0.2620192307692308 0.28846153846153844
3 0.30649038461538464 0.3329326923076923 0.25721153846153844 0.23076923076923078
3 0.5288461538461539 0.4182692307692308 0.19591346153846154 0.23076923076923078
3 0.4266826923076923 0.5108173076923077 0.25721153846153844 0.23076923076923078
3 0.24639423076923078 0.4375 0.23557692307692307 0.23557692307692307
3 0.15745192307692307 0.546875 0.2536057692307692 0.23076923076923078
3 0.15745192307692307 0.7283653846153846 0.2439903846153846 0.18629807692307693
3 0.42427884615384615 0.6995192307692307 0.2536057692307692 0.19951923076923078