3 0.3485576923076923 0.1310096153846154 0.27884615384615385 0.2620192307692308
3 0.625 0.11899038461538461 0.27283653846153844 0.11658653846153846
3 0.6189903846153846 0.2692307692307692 0.26802884615384615 0.2512019230769231
3 0.8485576923076923 0.3954326923076923 0.19951923076923078 0.2692307692307692
3 0.7043269230769231 0.49038461538461536 0.26802884615384615 0.25600961538461536
3 0.45552884615384615 0.3161057692307692 0.06850961538461539 0.12139423076923077
3 0.2956730769230769 0.2932692307692308 0.26802884615384615 0.24158653846153846
3 0.13822115384615385 0.34375 0.055288461538461536 0.12139423076923077
3 0.140625 0.5420673076923077 0.27283653846153844 0.27403846153846156
3 0.13822115384615385 0.7487980769230769 0.26802884615384615 0.21394230769230768
3 0.41947115384615385 0.5144230769230769 0.25961538461538464 0.265625
3 0.4170673076923077 0.71875 0.2644230769230769 0.2091346153846154
3 0.7259615384615384 0.7716346153846154 0.2764423076923077 0.32572115384615385
3 0.8569711538461539 0.8257211538461539 0.2764423076923077 0.33052884615384615
3 0.859375 0.5925480769230769 0.17067307692307693 0.19110576923076922
3 0.5 0.40024038461538464 0.140625 0.27884615384615385