3 0.6478365384615384 0.828125 0.5024038461538461 0.3329326923076923
3 0.19831730769230768 0.8497596153846154 0.39663461538461536 0.28966346153846156
3 0.3581730769230769 0.6911057692307693 0.44711538461538464 0.5408653846153846
3 0.7740384615384616 0.6586538461538461 0.41466346153846156 0.5084134615384616
3 0.9471153846153846 0.8137019230769231 0.0985576923076923 0.3605769230769231
3 0.06971153846153846 0.6225961538461539 0.13942307692307693 0.2644230769230769
3 0.14903846153846154 0.4723557692307692 0.2980769230769231 0.38822115384615385
3 0.49038461538461536 0.44591346153846156 0.3786057692307692 0.4206730769230769
3 0.8341346153846154 0.39663461538461536 0.3233173076923077 0.36658653846153844
3 0.8942307692307693 0.16706730769230768 0.203125 0.19110576923076922
3 0.625 0.24278846153846154 0.3125 0.3112980769230769
3 0.2800480769230769 0.2512019230769231 0.33413461538461536 0.30649038461538464
3 0.056490384615384616 0.21634615384615385 0.11298076923076923 0.14783653846153846