3 0.8858173076923077 0.6129807692307693 0.21033653846153846 0.21754807692307693
3 0.8052884615384616 0.45552884615384615 0.20192307692307693 0.19951923076923078
3 0.6862980769230769 0.5625 0.18870192307692307 0.171875
3 0.6153846153846154 0.41225961538461536 0.18509615384615385 0.18509615384615385
3 0.5024038461538461 0.2920673076923077 0.1971153846153846 0.18509615384615385
3 0.2980769230769231 0.3173076923076923 0.20192307692307693 0.18990384615384615
3 0.390625 0.44471153846153844 0.18028846153846154 0.13942307692307693
3 0.5024038461538461 0.5180288461538461 0.171875 0.16706730769230768
3 0.5661057692307693 0.6694711538461539 0.18028846153846154 0.18990384615384615
3 0.390625 0.6826923076923077 0.21514423076923078 0.22716346153846154
3 0.2956730769230769 0.46274038461538464 0.1971153846153846 0.19471153846153846
3 0.30288461538461536 0.5949519230769231 0.18509615384615385 0.1346153846153846
3 0.18509615384615385 0.4651442307692308 0.20552884615384615 0.19951923076923078
3 0.10336538461538461 0.6153846153846154 0.20552884615384615 0.2127403846153846