3 0.7091346153846154 0.40625 0.4807692307692308 0.19471153846153846
3 0.7007211538461539 0.7415865384615384 0.5637019230769231 0.44711538461538464
3 0.3713942307692308 0.8028846153846154 0.3293269230769231 0.33653846153846156
3 0.12860576923076922 0.8533653846153846 0.24639423076923078 0.2512019230769231
3 0.33774038461538464 0.45552884615384615 0.19591346153846154 0.12379807692307693
3 0.265625 0.5600961538461539 0.17307692307692307 0.056490384615384616
3 0.10576923076923077 0.4411057692307692 0.16706730769230768 0.23798076923076922
3 0.24278846153846154 0.13822115384615385 0.4411057692307692 0.2548076923076923
3 0.5252403846153846 0.15985576923076922 0.36899038461538464 0.24879807692307693
3 0.8497596153846154 0.19831730769230768 0.234375 0.19831730769230768
3 0.7403846153846154 0.078125 0.1502403846153846 0.078125
3 0.6286057692307693 0.06009615384615385 0.13942307692307693 0.1201923076923077