3 0.8004807692307693 0.6742788461538461 0.18870192307692307 0.37740384615384615
3 0.7223557692307693 0.43149038461538464 0.28725961538461536 0.5793269230769231
3 0.5961538461538461 0.8064903846153846 0.203125 0.26802884615384615
3 0.5204326923076923 0.5168269230769231 0.11658653846153846 0.4098557692307692
3 0.36778846153846156 0.4807692307692308 0.14543269230769232 0.34975961538461536
3 0.4651442307692308 0.7127403846153846 0.06490384615384616 0.16947115384615385
3 0.38221153846153844 0.6634615384615384 0.109375 0.234375
3 0.296875 0.7103365384615384 0.06129807692307692 0.16346153846153846
3 0.2127403846153846 0.234375 0.08413461538461539 0.16346153846153846
3 0.21514423076923078 0.39302884615384615 0.10216346153846154 0.1971153846153846
3 0.22235576923076922 0.5733173076923077 0.12379807692307693 0.22956730769230768
3 0.20192307692307693 0.6694711538461539 0.11298076923076923 0.3004807692307692