3 0.9194711538461539 0.6574519230769231 0.15144230769230768 0.31971153846153844
3 0.7512019230769231 0.6862980769230769 0.1778846153846154 0.30649038461538464
3 0.46274038461538464 0.8533653846153846 0.19591346153846154 0.11538461538461539
3 0.5576923076923077 0.6838942307692307 0.19110576923076922 0.3016826923076923
3 0.31971153846153844 0.7199519230769231 0.3112980769230769 0.25721153846153844
3 0.18870192307692307 0.6754807692307693 0.18269230769230768 0.3016826923076923
3 0.37740384615384615 0.6670673076923077 0.1778846153846154 0.2848557692307692
3 0.07572115384615384 0.7331730769230769 0.15144230769230768 0.2403846153846154
3 0.08173076923076923 0.578125 0.13822115384615385 0.15144230769230768
3 0.23557692307692307 0.3954326923076923 0.16947115384615385 0.2668269230769231
3 0.3737980769230769 0.3713942307692308 0.14182692307692307 0.2536057692307692
3 0.5841346153846154 0.43990384615384615 0.2980769230769231 0.20432692307692307
3 0.7043269230769231 0.3870192307692308 0.15504807692307693 0.25721153846153844
3 0.8533653846153846 0.6382211538461539 0.13341346153846154 0.27163461538461536
3 0.48677884615384615 0.5216346153846154 0.13822115384615385 0.039663461538461536