3 0.9375 0.7956730769230769 0.11538461538461539 0.10697115384615384
3 0.9242788461538461 0.7355769230769231 0.11538461538461539 0.09375
3 0.8293269230769231 0.7800480769230769 0.11057692307692307 0.08413461538461539
3 0.8377403846153846 0.8425480769230769 0.12860576923076922 0.11057692307692307
3 0.7379807692307693 0.8485576923076923 0.11538461538461539 0.09735576923076923
3 0.6262019230769231 0.7644230769230769 0.09735576923076923 0.09735576923076923
3 0.5805288461538461 0.7019230769230769 0.09375 0.10697115384615384
3 0.48197115384615385 0.7019230769230769 0.08413461538461539 0.09735576923076923
3 0.4182692307692308 0.7620192307692307 0.09735576923076923 0.11057692307692307
3 0.47115384615384615 0.8269230769230769 0.10697115384615384 0.10697115384615384
3 0.5757211538461539 0.8401442307692307 0.09375 0.10697115384615384
3 0.21153846153846154 0.8161057692307693 0.13822115384615385 0.1466346153846154
3 0.2644230769230769 0.7175480769230769 0.13822115384615385 0.1201923076923077
3 0.1935096153846154 0.6394230769230769 0.11057692307692307 0.0889423076923077
3 0.13822115384615385 0.7247596153846154 0.13341346153846154 0.09735576923076923
3 0.08173076923076923 0.8401442307692307 0.12860576923076922 0.15144230769230768
3 0.036057692307692304 0.7596153846153846 0.07091346153846154 0.125
3 0.07091346153846154 0.6514423076923077 0.11538461538461539 0.07572115384615384
3 0.6983173076923077 0.36658653846153844 0.11538461538461539 0.43149038461538464
3 0.8173076923076923 0.45072115384615385 0.3293269230769231 0.23557692307692307
3 0.8461538461538461 0.5685096153846154 0.2800480769230769 0.2848557692307692
3 0.5817307692307693 0.49158653846153844 0.15985576923076922 0.30649038461538464
3 0.49158653846153844 0.31971153846153844 0.12860576923076922 0.4266826923076923
3 0.49278846153846156 0.28725961538461536 0.125 0.10216346153846154
3 0.5420673076923077 0.2620192307692308 0.0889423076923077 0.390625
3 0.38461538461538464 0.2932692307692308 0.11057692307692307 0.4182692307692308
3 0.4026442307692308 0.5889423076923077 0.1201923076923077 0.09375
3 0.3485576923076923 0.6225961538461539 0.12860576923076922 0.09735576923076923
3 0.2692307692307692 0.5997596153846154 0.1201923076923077 0.0889423076923077
3 0.27163461538461536 0.30408653846153844 0.11538461538461539 0.41346153846153844
3 0.16706730769230768 0.3293269230769231 0.1466346153846154 0.4182692307692308
3 0.10697115384615384 0.3954326923076923 0.15985576923076922 0.4266826923076923