3 0.7391826923076923 0.8786057692307693 0.30528846153846156 0.23197115384615385
3 0.8954326923076923 0.8629807692307693 0.20072115384615385 0.24278846153846154
3 0.3786057692307692 0.9050480769230769 0.23918269230769232 0.18028846153846154
3 0.1622596153846154 0.8605769230769231 0.18509615384615385 0.26802884615384615
3 0.037259615384615384 0.8846153846153846 0.0733173076923077 0.22115384615384615
3 0.10817307692307693 0.6310096153846154 0.21634615384615385 0.28365384615384615
3 0.24879807692307693 0.7067307692307693 0.0733173076923077 0.21634615384615385
3 0.4483173076923077 0.7139423076923077 0.3317307692307692 0.36538461538461536
3 0.5444711538461539 0.8870192307692307 0.10096153846153846 0.21634615384615385
3 0.8822115384615384 0.5745192307692307 0.2283653846153846 0.28365384615384615
3 0.9423076923076923 0.7211538461538461 0.10817307692307693 0.0829326923076923
3 0.8161057692307693 0.7271634615384616 0.09615384615384616 0.040865384615384616
3 0.8725961538461539 0.1502403846153846 0.25 0.3004807692307692
3 0.9519230769230769 0.33533653846153844 0.0889423076923077 0.24759615384615385
3 0.7836538461538461 0.3942307692307692 0.3245192307692308 0.27283653846153844
3 0.6598557692307693 0.6370192307692307 0.20793269230769232 0.26322115384615385
3 0.2860576923076923 0.6346153846153846 0.09254807692307693 0.14423076923076922
3 0.5252403846153846 0.3918269230769231 0.2860576923076923 0.4639423076923077
3 0.4651442307692308 0.5180288461538461 0.06610576923076923 0.18028846153846154
3 0.7295673076923077 0.14423076923076922 0.1778846153846154 0.28846153846153844
3 0.5949519230769231 0.15264423076923078 0.1310096153846154 0.30408653846153844
3 0.3954326923076923 0.09615384615384616 0.3389423076923077 0.19230769230769232
3 0.34975961538461536 0.3713942307692308 0.18870192307692307 0.3713942307692308
3 0.1622596153846154 0.38100961538461536 0.23918269230769232 0.41225961538461536
3 0.04326923076923077 0.20673076923076922 0.08653846153846154 0.40384615384615385
3 0.17908653846153846 0.09254807692307693 0.2668269230769231 0.18509615384615385
3 0.03365384615384615 0.4387019230769231 0.0673076923076923 0.15625