3 0.8185096153846154 0.4879807692307692 0.10336538461538461 0.31009615384615385
3 0.8112980769230769 0.7740384615384616 0.12379807692307693 0.32091346153846156
3 0.6899038461538461 0.7319711538461539 0.1201923076923077 0.4050480769230769
3 0.6971153846153846 0.4110576923076923 0.09975961538461539 0.2980769230769231
3 0.7632211538461539 0.4110576923076923 0.09975961538461539 0.5120192307692307
3 0.6394230769230769 0.24759615384615385 0.1201923076923077 0.0889423076923077
3 0.6153846153846154 0.43509615384615385 0.06370192307692307 0.2860576923076923
3 0.5769230769230769 0.49759615384615385 0.10697115384615384 0.30408653846153844
3 0.5697115384615384 0.7944711538461539 0.11298076923076923 0.2920673076923077
3 0.453125 0.47596153846153844 0.1201923076923077 0.3449519230769231
3 0.4567307692307692 0.7920673076923077 0.11298076923076923 0.31009615384615385
3 0.3401442307692308 0.6959134615384616 0.1201923076923077 0.3329326923076923
3 0.33653846153846156 0.8894230769230769 0.12620192307692307 0.0889423076923077
3 0.20673076923076922 0.7379807692307693 0.13341346153846154 0.4050480769230769
3 0.20673076923076922 0.3894230769230769 0.12620192307692307 0.31490384615384615
3 0.28365384615384615 0.17307692307692307 0.09375 0.2860576923076923
3 0.27283653846153844 0.41346153846153844 0.026442307692307692 0.19591346153846154
3 0.33774038461538464 0.4170673076923077 0.10336538461538461 0.2980769230769231
3 0.41346153846153844 0.21995192307692307 0.10697115384615384 0.17908653846153846
3 0.5228365384615384 0.18509615384615385 0.10697115384615384 0.2860576923076923