3 0.8317307692307693 0.6983173076923077 0.10697115384615384 0.3473557692307692
3 0.7391826923076923 0.4639423076923077 0.22115384615384615 0.36538461538461536
3 0.7427884615384616 0.7776442307692307 0.078125 0.2620192307692308
3 0.6478365384615384 0.8689903846153846 0.11778846153846154 0.15264423076923078
3 0.6382211538461539 0.6586538461538461 0.1502403846153846 0.3293269230769231
3 0.5504807692307693 0.4699519230769231 0.17548076923076922 0.47596153846153844
3 0.5036057692307693 0.6370192307692307 0.09495192307692307 0.12860576923076922
3 0.5408653846153846 0.7992788461538461 0.1045673076923077 0.20673076923076922
3 0.4098557692307692 0.8016826923076923 0.18870192307692307 0.25
3 0.4254807692307692 0.5673076923076923 0.1141826923076923 0.2800480769230769
3 0.4206730769230769 0.3870192307692308 0.09134615384615384 0.10336538461538461
3 0.4206730769230769 0.23798076923076922 0.1045673076923077 0.21995192307692307
3 0.3317307692307692 0.3786057692307692 0.11057692307692307 0.17067307692307693
3 0.3173076923076923 0.5733173076923077 0.08173076923076923 0.20673076923076922
3 0.2512019230769231 0.7043269230769231 0.12379807692307693 0.3713942307692308