3 0.6899038461538461 0.3786057692307692 0.3125 0.29086538461538464
3 0.8810096153846154 0.41586538461538464 0.1466346153846154 0.23798076923076922
3 0.8341346153846154 0.6766826923076923 0.17307692307692307 0.24278846153846154
3 0.27403846153846156 0.9182692307692307 0.1875 0.15384615384615385
3 0.21995192307692307 0.6213942307692307 0.19230769230769232 0.42908653846153844
3 0.13942307692307693 0.8701923076923077 0.17307692307692307 0.16346153846153846
3 0.09615384615384616 0.9290865384615384 0.19230769230769232 0.13221153846153846
3 0.0829326923076923 0.49158653846153844 0.1658653846153846 0.23317307692307693
3 0.12620192307692307 0.3233173076923077 0.16947115384615385 0.24278846153846154
3 0.33653846153846156 0.39903846153846156 0.25961538461538464 0.3762019230769231
3 0.35096153846153844 0.6370192307692307 0.16105769230769232 0.24879807692307693
3 0.039663461538461536 0.7007211538461539 0.07932692307692307 0.22716346153846154
3 0.5240384615384616 0.5396634615384616 0.1466346153846154 0.24278846153846154
3 0.5168269230769231 0.7139423076923077 0.16105769230769232 0.15865384615384615
3 0.41586538461538464 0.8521634615384616 0.12379807692307693 0.2860576923076923
3 0.5456730769230769 0.9098557692307693 0.1658653846153846 0.16947115384615385
3 0.7271634615384616 0.9423076923076923 0.18389423076923078 0.10576923076923077
3 0.7223557692307693 0.8810096153846154 0.18028846153846154 0.17427884615384615
3 0.8737980769230769 0.8942307692307693 0.109375 0.20072115384615385
3 0.9495192307692307 0.7704326923076923 0.09375 0.18509615384615385
3 0.9567307692307693 0.640625 0.07932692307692307 0.13701923076923078
3 0.7391826923076923 0.30408653846153844 0.10096153846153846 0.39663461538461536
3 0.8040865384615384 0.16466346153846154 0.08413461538461539 0.3293269230769231
3 0.8858173076923077 0.1502403846153846 0.07932692307692307 0.12139423076923077
3 0.9158653846153846 0.22716346153846154 0.11658653846153846 0.13701923076923078
3 0.953125 0.3701923076923077 0.08653846153846154 0.22235576923076922
3 0.6730769230769231 0.5793269230769231 0.13581730769230768 0.22716346153846154
3 0.5276442307692307 0.25721153846153844 0.2668269230769231 0.3858173076923077
3 0.6911057692307693 0.0985576923076923 0.14182692307692307 0.1971153846153846
3 0.9134615384615384 0.06370192307692307 0.09735576923076923 0.12740384615384615
3 0.6033653846153846 0.037259615384615384 0.07091346153846154 0.07451923076923077
3 0.4675480769230769 0.05889423076923077 0.13221153846153846 0.11778846153846154
3 0.265625 0.13822115384615385 0.2764423076923077 0.2764423076923077
3 0.12620192307692307 0.08774038461538461 0.25240384615384615 0.17427884615384615
3 0.4170673076923077 0.2091346153846154 0.1658653846153846 0.21634615384615385
3 0.890625 0.8942307692307693 0.21033653846153846 0.20072115384615385