3 0.49158653846153844 0.8605769230769231 0.2608173076923077 0.265625
3 0.6754807692307693 0.7379807692307693 0.23557692307692307 0.41346153846153844
3 0.8149038461538461 0.5180288461538461 0.22235576923076922 0.34615384615384615
3 0.49158653846153844 0.5396634615384616 0.22235576923076922 0.4014423076923077
3 0.31009615384615385 0.7439903846153846 0.2512019230769231 0.45072115384615385
3 0.1658653846153846 0.5552884615384616 0.22235576923076922 0.41947115384615385
3 0.35216346153846156 0.3737980769230769 0.20673076923076922 0.35216346153846156
3 0.4987980769230769 0.22235576923076922 0.18389423076923078 0.296875
3 0.6430288461538461 0.3641826923076923 0.1971153846153846 0.3329326923076923
3 0.7632211538461539 0.21875 0.17067307692307693 0.2776442307692308
3 0.9182692307692307 0.31490384615384615 0.15865384615384615 0.21033653846153846
3 0.9627403846153846 0.13942307692307693 0.0673076923076923 0.14182692307692307
3 0.8533653846153846 0.08052884615384616 0.16466346153846154 0.16105769230769232
3 0.6310096153846154 0.09254807692307693 0.16466346153846154 0.18509615384615385
3 0.3737980769230769 0.10576923076923077 0.17067307692307693 0.21153846153846154
3 0.22716346153846154 0.21634615384615385 0.18389423076923078 0.28365384615384615
3 0.07932692307692307 0.3329326923076923 0.15865384615384615 0.28365384615384615
3 0.028846153846153848 0.14543269230769232 0.057692307692307696 0.16706730769230768
3 0.13341346153846154 0.0985576923076923 0.17067307692307693 0.1971153846153846