3 0.8762019230769231 0.6778846153846154 0.23918269230769232 0.3449519230769231
3 0.8413461538461539 0.3329326923076923 0.24759615384615385 0.33533653846153844
3 0.9423076923076923 0.12620192307692307 0.10817307692307693 0.25240384615384615
3 0.6370192307692307 0.08533653846153846 0.24759615384615385 0.17067307692307693
3 0.8413461538461539 0.028846153846153848 0.16947115384615385 0.056490384615384616
3 0.7283653846153846 0.18509615384615385 0.20432692307692307 0.27884615384615385
3 0.7163461538461539 0.39903846153846156 0.08052884615384616 0.19110576923076922
3 0.8858173076923077 0.8942307692307693 0.21995192307692307 0.20072115384615385
3 0.671875 0.8737980769230769 0.21634615384615385 0.24278846153846154
3 0.5673076923076923 0.9206730769230769 0.2620192307692308 0.14903846153846154
3 0.5901442307692307 0.6706730769230769 0.2548076923076923 0.3293269230769231
3 0.7584134615384616 0.6286057692307693 0.15865384615384615 0.26802884615384615
3 0.96875 0.3713942307692308 0.054086538461538464 0.26802884615384615
3 0.5612980769230769 0.3269230769230769 0.2512019230769231 0.3245192307692308
3 0.46875 0.6959134615384616 0.20432692307692307 0.3088942307692308
3 0.2920673076923077 0.8557692307692307 0.23557692307692307 0.27884615384615385
3 0.31850961538461536 0.53125 0.25841346153846156 0.3293269230769231
3 0.3762019230769231 0.4206730769230769 0.21995192307692307 0.25240384615384615
3 0.3557692307692308 0.11057692307692307 0.2548076923076923 0.22115384615384615
3 0.5132211538461539 0.16466346153846154 0.1622596153846154 0.27884615384615385
3 0.24759615384615385 0.17307692307692307 0.21634615384615385 0.2932692307692308
3 0.08774038461538461 0.33052884615384615 0.17548076923076922 0.29086538461538464
3 0.15985576923076922 0.5901442307692307 0.1971153846153846 0.31490384615384615
3 0.08533653846153846 0.8473557692307693 0.16947115384615385 0.2932692307692308
3 0.1466346153846154 0.03125 0.20793269230769232 0.06129807692307692