3 0.8028846153846154 0.8689903846153846 0.17307692307692307 0.20192307692307693
3 0.8545673076923077 0.6225961538461539 0.12379807692307693 0.31490384615384615
3 0.8737980769230769 0.4735576923076923 0.06610576923076923 0.16105769230769232
3 0.7680288461538461 0.25841346153846156 0.16346153846153846 0.125
3 0.7680288461538461 0.43990384615384615 0.18389423076923078 0.47596153846153844
3 0.6478365384615384 0.5769230769230769 0.18990384615384615 0.5120192307692307
3 0.5300480769230769 0.16105769230769232 0.13942307692307693 0.2980769230769231
3 0.5612980769230769 0.4170673076923077 0.16346153846153846 0.42908653846153844
3 0.3954326923076923 0.5480769230769231 0.18990384615384615 0.5120192307692307
3 0.2800480769230769 0.2439903846153846 0.15985576923076922 0.10697115384615384
3 0.2764423076923077 0.41947115384615385 0.18028846153846154 0.4579326923076923
3 0.19831730769230768 0.6045673076923077 0.12980769230769232 0.30408653846153844
3 0.171875 0.44591346153846156 0.06971153846153846 0.15504807692307693
3 0.2536057692307692 0.8449519230769231 0.17307692307692307 0.21394230769230768
3 0.17307692307692307 0.20552884615384615 0.039663461538461536 0.19591346153846154