3 0.6899038461538461 0.578125 0.421875 0.578125
3 0.609375 0.24759615384615385 0.3233173076923077 0.25721153846153844
3 0.3125 0.5637019230769231 0.36658653846153844 0.5324519230769231
0 0.02403846153846154 0.23798076923076922 0.046875 0.04567307692307692
0 0.028846153846153848 0.2956730769230769 0.057692307692307696 0.07211538461538461
0 0.10096153846153846 0.3125 0.0733173076923077 0.0829326923076923
0 0.15745192307692307 0.3557692307692308 0.046875 0.03245192307692308
0 0.02403846153846154 0.34375 0.046875 0.04567307692307692
0 0.23918269230769232 0.15384615384615385 0.0985576923076923 0.06850961538461539
0 0.3293269230769231 0.16105769230769232 0.0733173076923077 0.1466346153846154
0 0.3641826923076923 0.09375 0.0985576923076923 0.08774038461538461
0 0.4266826923076923 0.0625 0.08653846153846154 0.078125
0 0.46153846153846156 0.12139423076923077 0.10336538461538461 0.08774038461538461
0 0.2800480769230769 0.04447115384615385 0.19951923076923078 0.0889423076923077
0 0.421875 0.016826923076923076 0.06971153846153846 0.03365384615384615
0 0.07091346153846154 0.07572115384615384 0.13341346153846154 0.12379807692307693