3 0.8665865384615384 0.5769230769230769 0.15865384615384615 0.16466346153846154
3 0.9170673076923077 0.7007211538461539 0.1502403846153846 0.16466346153846154
3 0.9399038461538461 0.8329326923076923 0.11177884615384616 0.19110576923076922
3 0.42427884615384615 0.8870192307692307 0.09254807692307693 0.18509615384615385
3 0.5504807692307693 0.9326923076923077 0.08052884615384616 0.12379807692307693
3 0.5697115384615384 0.8581730769230769 0.1045673076923077 0.20072115384615385
3 0.203125 0.8629807692307693 0.1045673076923077 0.07692307692307693
3 0.203125 0.7319711538461539 0.09615384615384616 0.09254807692307693
3 0.203125 0.5901442307692307 0.08052884615384616 0.0673076923076923
3 0.20673076923076922 0.9387019230769231 0.11177884615384616 0.040865384615384616
3 0.35096153846153844 0.28125 0.16947115384615385 0.30408653846153844
3 0.24158653846153846 0.19110576923076922 0.1502403846153846 0.25721153846153844
3 0.4387019230769231 0.18870192307692307 0.0733173076923077 0.27283653846153844
3 0.7475961538461539 0.21153846153846154 0.1201923076923077 0.23677884615384615
3 0.6057692307692307 0.33774038461538464 0.16947115384615385 0.20072115384615385
3 0.6081730769230769 0.23197115384615385 0.1045673076923077 0.11298076923076923
3 0.6706730769230769 0.0625 0.09134615384615384 0.125