3 0.8233173076923077 0.8293269230769231 0.2824519230769231 0.28725961538461536
3 0.3389423076923077 0.8076923076923077 0.5913461538461539 0.27403846153846156
3 0.3737980769230769 0.6478365384615384 0.36538461538461536 0.20072115384615385
3 0.40865384615384615 0.6622596153846154 0.13942307692307693 0.16466346153846154
3 0.7632211538461539 0.6165865384615384 0.15264423076923078 0.11899038461538461
3 0.6634615384615384 0.6550480769230769 0.14302884615384615 0.08653846153846154
3 0.7740384615384616 0.109375 0.17427884615384615 0.0733173076923077
3 0.7788461538461539 0.20552884615384615 0.08653846153846154 0.36538461538461536
3 0.7824519230769231 0.42427884615384615 0.16466346153846154 0.0733173076923077
3 0.49399038461538464 0.21875 0.16947115384615385 0.20072115384615385
3 0.49158653846153844 0.42427884615384615 0.15625 0.0733173076923077
3 0.22115384615384615 0.20793269230769232 0.08653846153846154 0.3605769230769231
3 0.22115384615384615 0.4266826923076923 0.16466346153846154 0.078125
3 0.7824519230769231 0.24639423076923078 0.16466346153846154 0.42908653846153844
3 0.22355769230769232 0.23798076923076922 0.16947115384615385 0.44711538461538464