3 0.10576923076923077 0.44591346153846156 0.17307692307692307 0.5721153846153846
3 0.2091346153846154 0.3918269230769231 0.10336538461538461 0.6490384615384616
3 0.2283653846153846 0.4074519230769231 0.03485576923076923 0.3605769230769231
3 0.25961538461538464 0.6574519230769231 0.1346153846153846 0.15985576923076922
3 0.3629807692307692 0.5649038461538461 0.09615384615384616 0.11899038461538461
3 0.3713942307692308 0.6754807692307693 0.0889423076923077 0.10336538461538461
3 0.41586538461538464 0.53125 0.04567307692307692 0.07211538461538461
3 0.42908653846153844 0.6442307692307693 0.0733173076923077 0.15504807692307693
3 0.48677884615384615 0.6802884615384616 0.11899038461538461 0.0829326923076923
3 0.53125 0.6490384615384616 0.10817307692307693 0.11298076923076923
3 0.5793269230769231 0.6802884615384616 0.03485576923076923 0.06129807692307692
3 0.6129807692307693 0.6622596153846154 0.03485576923076923 0.046875
3 0.6322115384615384 0.6850961538461539 0.042067307692307696 0.040865384615384616
3 0.6658653846153846 0.6730769230769231 0.04567307692307692 0.0673076923076923
3 0.6225961538461539 0.6153846153846154 0.02283653846153846 0.056490384615384616
3 0.5769230769230769 0.6033653846153846 0.03125 0.09254807692307693
3 0.5456730769230769 0.43028846153846156 0.02283653846153846 0.3449519230769231
3 0.5252403846153846 0.5228365384615384 0.026442307692307692 0.14903846153846154
3 0.5060096153846154 0.3918269230769231 0.026442307692307692 0.3918269230769231
3 0.47716346153846156 0.5108173076923077 0.02283653846153846 0.14423076923076922
3 0.4579326923076923 0.4483173076923077 0.038461538461538464 0.3088942307692308
3 0.4675480769230769 0.3786057692307692 0.019230769230769232 0.3870192307692308
3 0.4074519230769231 0.3112980769230769 0.03125 0.39663461538461536
3 0.4170673076923077 0.4206730769230769 0.042067307692307696 0.22115384615384615
3 0.36538461538461536 0.36538461538461536 0.03125 0.3293269230769231
3 0.38461538461538464 0.3629807692307692 0.015625 0.2932692307692308
3 0.3173076923076923 0.38461538461538464 0.042067307692307696 0.53125
3 0.27283653846153844 0.4483173076923077 0.03125 0.484375