3 0.7944711538461539 0.7980769230769231 0.38341346153846156 0.3870192307692308
3 0.6189903846153846 0.734375 0.38822115384615385 0.3701923076923077
3 0.4723557692307692 0.15504807692307693 0.3737980769230769 0.31009615384615385
3 0.7872596153846154 0.30649038461538464 0.27524038461538464 0.3233173076923077
3 0.8365384615384616 0.5408653846153846 0.1778846153846154 0.22115384615384615
3 0.5913461538461539 0.4170673076923077 0.36899038461538464 0.2980769230769231
3 0.5961538461538461 0.640625 0.3786057692307692 0.24278846153846154
3 0.18990384615384615 0.42788461538461536 0.3798076923076923 0.3317307692307692
3 0.18870192307692307 0.671875 0.36899038461538464 0.24639423076923078
3 0.3954326923076923 0.5600961538461539 0.03245192307692308 0.22596153846153846
3 0.2824519230769231 0.30649038461538464 0.24759615384615385 0.30649038461538464