3 0.8725961538461539 0.7103365384615384 0.09495192307692307 0.1310096153846154
3 0.7620192307692307 0.7211538461538461 0.09134615384615384 0.1201923076923077
3 0.7980769230769231 0.5733173076923077 0.07692307692307693 0.15264423076923078
3 0.65625 0.35216346153846156 0.28725961538461536 0.20192307692307693
3 0.18870192307692307 0.40384615384615385 0.18870192307692307 0.40384615384615385
3 0.17427884615384615 0.6117788461538461 0.09495192307692307 0.1201923076923077
3 0.15625 0.4831730769230769 0.06490384615384616 0.10336538461538461
3 0.3161057692307692 0.5901442307692307 0.09495192307692307 0.1310096153846154
3 0.3233173076923077 0.671875 0.04326923076923077 0.1310096153846154
3 0.40865384615384615 0.6862980769230769 0.09134615384615384 0.14783653846153846
3 0.19230769230769232 0.33052884615384615 0.2403846153846154 0.16947115384615385
3 0.6634615384615384 0.7536057692307693 0.08413461538461539 0.07692307692307693
3 0.6586538461538461 0.6334134615384616 0.09495192307692307 0.1310096153846154
3 0.7235576923076923 0.6033653846153846 0.08774038461538461 0.1141826923076923
3 0.5492788461538461 0.6694711538461539 0.0733173076923077 0.10336538461538461
3 0.5949519230769231 0.6887019230769231 0.06850961538461539 0.0985576923076923
3 0.4362980769230769 0.3137019230769231 0.109375 0.18028846153846154
3 0.4495192307692308 0.3798076923076923 0.1346153846153846 0.19110576923076922
3 0.5564903846153846 0.49759615384615385 0.06490384615384616 0.0985576923076923
3 0.5985576923076923 0.5769230769230769 0.27283653846153844 0.19110576923076922
3 0.6310096153846154 0.4639423076923077 0.06850961538461539 0.1201923076923077
3 0.703125 0.4699519230769231 0.06850961538461539 0.08774038461538461
3 0.4831730769230769 0.4639423076923077 0.1814903846153846 0.27283653846153844
3 0.421875 0.4338942307692308 0.0733173076923077 0.09254807692307693
3 0.2776442307692308 0.45913461538461536 0.0985576923076923 0.14182692307692307
3 0.28125 0.27884615384615385 0.14903846153846154 0.15264423076923078
3 0.3269230769230769 0.3605769230769231 0.057692307692307696 0.08774038461538461
3 0.38341346153846156 0.39302884615384615 0.06129807692307692 0.0985576923076923