3 0.8112980769230769 0.27884615384615385 0.24759615384615385 0.5564903846153846
3 0.5600961538461539 0.296875 0.2704326923076923 0.5925480769230769
3 0.2824519230769231 0.3329326923076923 0.3245192307692308 0.6646634615384616
3 0.0625 0.06009615384615385 0.125 0.1201923076923077
3 0.9050480769230769 0.7391826923076923 0.1502403846153846 0.3870192307692308
3 0.7992788461538461 0.8425480769230769 0.2548076923076923 0.30408653846153844
3 0.5949519230769231 0.9435096153846154 0.2548076923076923 0.10336538461538461
3 0.6201923076923077 0.7115384615384616 0.21995192307692307 0.3605769230769231
3 0.4266826923076923 0.8221153846153846 0.24278846153846154 0.3449519230769231
3 0.1935096153846154 0.9206730769230769 0.2932692307692308 0.14903846153846154
3 0.10697115384615384 0.8161057692307693 0.21394230769230768 0.3629807692307692
3 0.05048076923076923 0.5649038461538461 0.10096153846153846 0.19110576923076922
3 0.13701923076923078 0.5132211538461539 0.1045673076923077 0.2932692307692308