3 0.04807692307692308 0.014423076923076924 0.09615384615384616 0.027644230769230768
3 0.9627403846153846 0.009615384615384616 0.06490384615384616 0.019230769230769232
3 0.5024038461538461 0.4050480769230769 0.056490384615384616 0.14423076923076922
3 0.5504807692307693 0.3629807692307692 0.0625 0.15144230769230768
3 0.6778846153846154 0.3016826923076923 0.09014423076923077 0.04927884615384615
3 0.6153846153846154 0.2776442307692308 0.10216346153846154 0.056490384615384616
3 0.9098557692307693 0.042067307692307696 0.13581730769230768 0.042067307692307696
3 0.8413461538461539 0.015625 0.10216346153846154 0.03125
3 0.16105769230769232 0.021634615384615384 0.08533653846153846 0.042067307692307696
3 0.22355769230769232 0.014423076923076924 0.05048076923076923 0.027644230769230768
3 0.3016826923076923 0.015625 0.11899038461538461 0.03125
3 0.3473557692307692 0.046875 0.039663461538461536 0.052884615384615384
3 0.4266826923076923 0.04567307692307692 0.11899038461538461 0.04927884615384615
3 0.42908653846153844 0.010817307692307692 0.09014423076923077 0.021634615384615384
3 0.53125 0.03365384615384615 0.09014423076923077 0.06610576923076923
3 0.6069711538461539 0.03365384615384615 0.2091346153846154 0.06610576923076923
3 0.7115384615384616 0.054086538461538464 0.07932692307692307 0.04567307692307692
3 0.734375 0.08774038461538461 0.07932692307692307 0.056490384615384616
3 0.7932692307692307 0.06610576923076923 0.09615384615384616 0.06971153846153846
3 0.8954326923076923 0.11177884615384616 0.11899038461538461 0.056490384615384616
3 0.9290865384615384 0.08413461538461539 0.11899038461538461 0.027644230769230768
3 0.9663461538461539 0.11538461538461539 0.056490384615384616 0.027644230769230768
3 0.46875 0.08774038461538461 0.21514423076923078 0.042067307692307696
3 0.4831730769230769 0.1141826923076923 0.21995192307692307 0.04567307692307692
3 0.9495192307692307 0.8942307692307693 0.09014423076923077 0.056490384615384616
3 0.19471153846153846 0.8822115384615384 0.08533653846153846 0.06009615384615385
3 0.3581730769230769 0.8557692307692307 0.08533653846153846 0.06370192307692307
3 0.9543269230769231 0.8125 0.07932692307692307 0.06009615384615385
3 0.796875 0.8978365384615384 0.1466346153846154 0.04927884615384615
3 0.7548076923076923 0.8617788461538461 0.14182692307692307 0.052884615384615384
3 0.9098557692307693 0.7788461538461539 0.0673076923076923 0.09134615384615384
3 0.8533653846153846 0.8197115384615384 0.07932692307692307 0.08774038461538461
3 0.8329326923076923 0.7896634615384616 0.08533653846153846 0.08413461538461539
3 0.7403846153846154 0.8293269230769231 0.1466346153846154 0.038461538461538464
3 0.7572115384615384 0.7896634615384616 0.13581730769230768 0.042067307692307696
3 0.734375 0.7548076923076923 0.24879807692307693 0.04927884615384615
3 0.6610576923076923 0.7932692307692307 0.11298076923076923 0.15384615384615385
3 0.6105769230769231 0.9074519230769231 0.11298076923076923 0.06009615384615385
3 0.6947115384615384 0.9122596153846154 0.0673076923076923 0.03485576923076923
3 0.4855769230769231 0.9014423076923077 0.11298076923076923 0.06370192307692307
3 0.47115384615384615 0.8629807692307693 0.19831730769230768 0.11177884615384616
3 0.5144230769230769 0.8509615384615384 0.21514423076923078 0.10216346153846154
3 0.4891826923076923 0.8100961538461539 0.2091346153846154 0.07692307692307693
3 0.5084134615384616 0.7980769230769231 0.18028846153846154 0.12259615384615384
3 0.5480769230769231 0.7860576923076923 0.12379807692307693 0.06971153846153846
3 0.5733173076923077 0.7668269230769231 0.14182692307692307 0.06610576923076923
3 0.8112980769230769 0.5997596153846154 0.23197115384615385 0.06370192307692307
3 0.5480769230769231 0.5793269230769231 0.07932692307692307 0.04927884615384615
3 0.5564903846153846 0.6334134615384616 0.08533653846153846 0.06009615384615385
3 0.3449519230769231 0.5829326923076923 0.09014423076923077 0.04927884615384615
3 0.19230769230769232 0.6670673076923077 0.0673076923076923 0.042067307692307696
3 0.2800480769230769 0.453125 0.08533653846153846 0.06370192307692307
3 0.12980769230769232 0.4074519230769231 0.09014423076923077 0.056490384615384616
3 0.24519230769230768 0.23317307692307693 0.0733173076923077 0.052884615384615384
3 0.36778846153846156 0.2860576923076923 0.16947115384615385 0.10216346153846154
3 0.06490384615384616 0.7019230769230769 0.12980769230769232 0.17548076923076922
3 0.10697115384615384 0.7331730769230769 0.056490384615384616 0.042067307692307696
3 0.09014423076923077 0.7788461538461539 0.09014423076923077 0.04927884615384615
3 0.2932692307692308 0.6754807692307693 0.09014423076923077 0.09495192307692307
3 0.0985576923076923 0.15985576923076922 0.18629807692307693 0.09495192307692307
3 0.12379807692307693 0.18389423076923078 0.21514423076923078 0.08052884615384616
3 0.12740384615384615 0.2247596153846154 0.24278846153846154 0.06971153846153846
3 0.38100961538461536 0.21033653846153846 0.17548076923076922 0.0985576923076923
3 0.5 0.25240384615384615 0.19831730769230768 0.09134615384615384
3 0.8052884615384616 0.28125 0.0733173076923077 0.06971153846153846
3 0.7115384615384616 0.2704326923076923 0.15865384615384615 0.140625
3 0.9350961538461539 0.3173076923076923 0.08533653846153846 0.06009615384615385
3 0.9519230769230769 0.2776442307692308 0.08533653846153846 0.042067307692307696
3 0.671875 0.16826923076923078 0.13581730769230768 0.06370192307692307
3 0.5288461538461539 0.16826923076923078 0.0733173076923077 0.07692307692307693
3 0.3473557692307692 0.12620192307692307 0.21995192307692307 0.06370192307692307
3 0.08533653846153846 0.09975961538461539 0.07932692307692307 0.06009615384615385
3 0.8413461538461539 0.3918269230769231 0.09014423076923077 0.08052884615384616
3 0.7259615384615384 0.40024038461538464 0.08533653846153846 0.04927884615384615
3 0.6694711538461539 0.38221153846153844 0.0733173076923077 0.06370192307692307
3 0.6442307692307693 0.4170673076923077 0.09014423076923077 0.06971153846153846
3 0.6526442307692307 0.4699519230769231 0.15264423076923078 0.042067307692307696
3 0.7427884615384616 0.453125 0.0625 0.09134615384615384
3 0.8112980769230769 0.45913461538461536 0.0733173076923077 0.056490384615384616
3 0.8894230769230769 0.4579326923076923 0.0733173076923077 0.04567307692307692
3 0.8677884615384616 0.5036057692307693 0.08533653846153846 0.052884615384615384
3 0.9495192307692307 0.4963942307692308 0.0673076923076923 0.06009615384615385
3 0.9663461538461539 0.5420673076923077 0.056490384615384616 0.06009615384615385
3 0.6802884615384616 0.5 0.0733173076923077 0.038461538461538464
3 0.5649038461538461 0.53125 0.10216346153846154 0.0733173076923077
3 0.49158653846153844 0.5264423076923077 0.10216346153846154 0.06971153846153846
3 0.38100961538461536 0.45913461538461536 0.10697115384615384 0.06370192307692307
3 0.15865384615384615 0.453125 0.12379807692307693 0.03485576923076923
3 0.08533653846153846 0.35216346153846156 0.056490384615384616 0.08052884615384616
3 0.171875 0.359375 0.0733173076923077 0.0733173076923077
3 0.2548076923076923 0.38221153846153844 0.1466346153846154 0.042067307692307696
3 0.3762019230769231 0.3894230769230769 0.08533653846153846 0.04927884615384615
3 0.44350961538461536 0.33653846153846156 0.10697115384615384 0.07692307692307693
3 0.028846153846153848 0.6899038461538461 0.056490384615384616 0.052884615384615384
3 0.037259615384615384 0.6478365384615384 0.0733173076923077 0.04567307692307692
3 0.056490384615384616 0.8786057692307693 0.09014423076923077 0.052884615384615384
3 0.0733173076923077 0.8473557692307693 0.09014423076923077 0.03125
3 0.13822115384615385 0.8365384615384616 0.0733173076923077 0.02403846153846154
3 0.16346153846153846 0.7980769230769231 0.1466346153846154 0.03125
3 0.7716346153846154 0.6610576923076923 0.2091346153846154 0.12259615384615384
3 0.7992788461538461 0.6742788461538461 0.11899038461538461 0.16105769230769232
3 0.8449519230769231 0.6598557692307693 0.09615384615384616 0.12620192307692307
3 0.9098557692307693 0.6706730769230769 0.12379807692307693 0.12620192307692307
3 0.9579326923076923 0.6298076923076923 0.0733173076923077 0.06009615384615385
3 0.6418269230769231 0.6766826923076923 0.11899038461538461 0.04927884615384615
3 0.5480769230769231 0.7175480769230769 0.22596153846153846 0.04567307692307692
3 0.41225961538461536 0.7319711538461539 0.22596153846153846 0.11538461538461539
3 0.38100961538461536 0.7668269230769231 0.11899038461538461 0.08052884615384616
3 0.19471153846153846 0.5348557692307693 0.0733173076923077 0.08774038461538461
3 0.24278846153846154 0.5228365384615384 0.0673076923076923 0.056490384615384616
3 0.2932692307692308 0.546875 0.18028846153846154 0.06971153846153846
3 0.016826923076923076 0.4423076923076923 0.03365384615384615 0.15384615384615385
3 0.028846153846153848 0.5865384615384616 0.056490384615384616 0.042067307692307696
3 0.08173076923076923 0.5336538461538461 0.0733173076923077 0.04927884615384615
3 0.13581730769230768 0.28725961538461536 0.27163461538461536 0.04927884615384615
3 0.49759615384615385 0.4675480769230769 0.9951923076923077 0.9350961538461539